                              Id         Gender   SelCriterion AvgCoancestryA AvgCoancestryC   Contribution  nContribution
Psco_990                                      1        5.92200       -0.00000        0.01085        0.01500              3
Psco_1006                                     1        7.04800        0.00000        0.01099        0.01500              3
Psco_950                                      1        4.21600        0.00000        0.00811        0.01500              3
Psco_1031                                     1        6.24500        0.00000        0.00532        0.01500              3
Psco_1047                                     1        5.03500        0.00000        0.00817        0.01500              3
Psco_928                                      1        6.00100        0.00000        0.00635        0.01500              3
Psco_936                                      1        6.97600        0.00000        0.00625        0.01500              3
Psco_968                                      1        7.56400        0.00000        0.00666        0.01500              3
Psco_1033                                     1        5.30900       -0.00000        0.00555        0.01500              3
Psco_930                                      1        2.77300        0.00000       -0.00105        0.01500              3
Psco_954                                      1        4.80900        0.00000        0.00788        0.01500              3
Psco_962                                      1        5.93800        0.00000        0.00705        0.01500              3
Psco_916                                      1        4.93100        0.00000        0.00417        0.01500              3
Psco_997                                      1        4.23600        0.00000        0.00356        0.01500              3
Psco_917                                      1        4.44100        0.00000        0.00348        0.01500              3
Psco_965                                      1        7.22800        0.00000        0.00631        0.01500              3
Psco_664                                      1        5.54800        0.00000        0.00421        0.01500              3
Psco_505                                      1        3.82100       -0.00000        0.00591        0.01500              3
Psco_561                                      1        4.90000        0.00000        0.00944        0.01500              3
Psco_500                                      1        4.80700       -0.00000        0.00939        0.01500              3
Psco_305                                      1        1.74000        0.00000        0.00031        0.01000              2
Psco_377                                      1        3.03000        0.00000        0.00428        0.01000              2
Psco_170                                      1        2.54100        0.00000        0.00155        0.01000              2
Psco_912                                      1        4.51100        0.00000        0.00543        0.01000              2
Psco_984                                      1        1.01700        0.00000       -0.00306        0.01000              2
Psco_1009                                     1        3.36100        0.00000        0.00592        0.01000              2
Psco_1041                                     1        2.78100        0.00000        0.00694        0.01000              2
Psco_946                                      1        4.16700        0.00000        0.00446        0.01000              2
Psco_1027                                     1        3.11400        0.00000        0.00360        0.01000              2
Psco_948                                      1        5.28400        0.00000        0.00583        0.01000              2
Psco_972                                      1        4.32000        0.00000        0.00996        0.01000              2
Psco_497                                      1        1.78900        0.00000        0.00019        0.01000              2
Psco_523                                      1        2.66700        0.00000        0.00111        0.01000              2
Psco_564                                      1        3.85100        0.00000        0.00625        0.01000              2
Psco_671                                      1        4.06800        0.00000        0.00558        0.01000              2
Psco_216                                      1        2.46000        0.00000        0.00108        0.00500              1
Psco_435                                      1        2.38600        0.00000        0.00241        0.00500              1
Psco_365                                      1        1.93900       -0.00000        0.00417        0.00500              1
Psco_998                                      1        2.38900        0.00000        0.00348        0.00500              1
Psco_966                                      1        4.20400        0.00000        0.00464        0.00500              1
Psco_1017                                     1        4.06200       -0.00000        0.00918        0.00500              1
Psco_925                                      1        1.72200        0.00000        0.00069        0.00500              1
Psco_531                                      1        2.65800        0.00000        0.00408        0.00500              1
Psco_587                                      1        1.77700       -0.00000        0.00233        0.00500              1
Psco_699                                      1        4.37300        0.00000        0.00978        0.00500              1
Psco_727                                      2        0.40100        0.00000       -0.00354        0.00500              1
Psco_448                                      2        2.80400       -0.00000        0.00819        0.00500              1
Psco_488                                      2        1.60800        0.00000        0.00518        0.00500              1
Psco_249                                      2       -0.52600        0.00000        0.00319        0.00500              1
Psco_489                                      2        1.01900        0.00000        0.00404        0.00500              1
Psco_161                                      2       -1.29600        0.00000       -0.00083        0.00500              1
Psco_315                                      2        1.89800        0.00000        0.00003        0.00500              1
Psco_466                                      2        2.21100       -0.00000        0.00338        0.00500              1
Psco_356                                      2        2.48700       -0.00000        0.00350        0.00500              1
Psco_380                                      2        0.66300        0.00000        0.00441        0.00500              1
Psco_227                                      2        0.50100        0.00000       -0.00191        0.00500              1
Psco_428                                      2        2.28100       -0.00000        0.00996        0.00500              1
Psco_436                                      2       -0.06500        0.00000        0.00325        0.00500              1
Psco_452                                      2        2.24700       -0.00000        0.00591        0.00500              1
Psco_468                                      2       -0.61200        0.00000        0.00327        0.00500              1
Psco_172                                      2        1.10000       -0.00000        0.00402        0.00500              1
Psco_254                                      2        2.56100       -0.00000        0.00422        0.00500              1
Psco_304                                      2       -0.07300       -0.00000       -0.00033        0.00500              1
Psco_423                                      2        1.33500        0.00000        0.00321        0.00500              1
Psco_463                                      2        5.19400        0.00000        0.01102        0.00500              1
Psco_471                                      2        1.90600        0.00000        0.00446        0.00500              1
Psco_910                                      2        0.48800       -0.00000       -0.00146        0.00500              1
Psco_918                                      2        3.21500        0.00000        0.00789        0.00500              1
Psco_926                                      2        0.04000        0.00000        0.00105        0.00500              1
Psco_1038                                     2        0.25500        0.00000        0.00803        0.00500              1
Psco_1046                                     2        0.57600       -0.00000       -0.00035        0.00500              1
Psco_1054                                     2        0.04400        0.00000        0.00322        0.00500              1
Psco_974                                      2        3.58100        0.00000        0.00543        0.00500              1
Psco_911                                      2        2.62300        0.00000        0.00449        0.00500              1
Psco_919                                      2        3.72800        0.00000        0.00919        0.00500              1
Psco_927                                      2        5.03400        0.00000        0.00303        0.00500              1
Psco_935                                      2        4.33600        0.00000        0.00456        0.00500              1
Psco_943                                      2        6.96500        0.00000        0.00645        0.00500              1
Psco_951                                      2        3.01900        0.00000        0.00640        0.00500              1
Psco_959                                      2        1.54400        0.00000        0.00459        0.00500              1
Psco_983                                      2        1.65100        0.00000        0.00615        0.00500              1
Psco_992                                      2       -0.09700        0.00000       -0.00051        0.00500              1
Psco_1016                                     2        2.14700        0.00000        0.00560        0.00500              1
Psco_1024                                     2        1.63900        0.00000        0.00755        0.00500              1
Psco_1032                                     2        5.90000        0.00000        0.00639        0.00500              1
Psco_1040                                     2        5.80100       -0.00000        0.00960        0.00500              1
Psco_976                                      2        1.48300       -0.00000        0.00240        0.00500              1
Psco_913                                      2        4.47700        0.00000        0.00478        0.00500              1
Psco_937                                      2        3.97500        0.00000        0.01159        0.00500              1
Psco_945                                      2        3.06300        0.00000        0.00620        0.00500              1
Psco_953                                      2        1.12000        0.00000        0.00221        0.00500              1
Psco_994                                      2        2.89400       -0.00000        0.00467        0.00500              1
Psco_1002                                     2        3.19600        0.00000        0.00938        0.00500              1
Psco_1010                                     2        0.24200        0.00000        0.00595        0.00500              1
Psco_1026                                     2        0.62500        0.00000        0.00502        0.00500              1
Psco_1034                                     2        1.18400        0.00000        0.00407        0.00500              1
Psco_1050                                     2        1.52300       -0.00000        0.00403        0.00500              1
Psco_978                                      2        0.92200        0.00000        0.01063        0.00500              1
Psco_915                                      2        5.66200        0.00000        0.01089        0.00500              1
Psco_923                                      2        0.71300        0.00000        0.00029        0.00500              1
Psco_931                                      2        5.69200        0.00000        0.01088        0.00500              1
Psco_939                                      2        0.09600        0.00000        0.00994        0.00500              1
Psco_947                                      2        2.56700       -0.00000        0.00380        0.00500              1
Psco_955                                      2        1.71800        0.00000        0.00392        0.00500              1
Psco_971                                      2        1.61300       -0.00000        0.00713        0.00500              1
Psco_987                                      2        5.86800        0.00000        0.00665        0.00500              1
Psco_1004                                     2        2.96500       -0.00000        0.00728        0.00500              1
Psco_1028                                     2        6.42500        0.00000        0.00778        0.00500              1
Psco_1044                                     2        3.45200       -0.00000        0.00987        0.00500              1
Psco_980                                      2        2.52700        0.00000        0.00392        0.00500              1
Psco_1013                                     2        4.63500        0.00000        0.00836        0.00500              1
Psco_1021                                     2        5.56700       -0.00000        0.00993        0.00500              1
Psco_1029                                     2        0.75800        0.00000        0.00488        0.00500              1
Psco_1037                                     2        4.55300       -0.00000        0.00986        0.00500              1
Psco_1053                                     2        5.95500        0.00000        0.01102        0.00500              1
Psco_973                                      2        3.47900       -0.00000        0.00367        0.00500              1
Psco_989                                      2        0.61400        0.00000       -0.00071        0.00500              1
Psco_512                                      2        1.18500        0.00000        0.00702        0.00500              1
Psco_568                                      2        0.19300        0.00000        0.00381        0.00500              1
Psco_584                                      2       -0.36500        0.00000       -0.00516        0.00500              1
Psco_688                                      2        2.43000        0.00000        0.01021        0.00500              1
Psco_696                                      2        0.01400        0.00000        0.00873        0.00500              1
Psco_633                                      2        0.31200        0.00000        0.00750        0.00500              1
Psco_641                                      2        0.84900        0.00000       -0.00011        0.00500              1
Psco_649                                      2        2.52300        0.00000        0.00749        0.00500              1
Psco_665                                      2       -0.02400       -0.00000        0.00386        0.00500              1
Psco_635                                      2        2.04700        0.00000        0.00709        0.00500              1
Psco_596                                      2        2.49100       -0.00000        0.00914        0.00500              1
Psco_612                                      2        2.88300       -0.00000        0.00791        0.00500              1
Psco_628                                      2        3.88300       -0.00000        0.00698        0.00500              1
Psco_605                                      2        4.29100        0.00000        0.00034        0.00500              1
Psco_637                                      2       -0.13900       -0.00000        0.00297        0.00500              1
Psco_653                                      2        0.04900        0.00000        0.00301        0.00500              1
Psco_510                                      2        5.29700       -0.00000        0.00571        0.00500              1
Psco_526                                      2        1.96600        0.00000        0.01140        0.00500              1
Psco_550                                      2        1.53600        0.00000        0.00276        0.00500              1
Psco_566                                      2        1.27700        0.00000        0.00468        0.00500              1
Psco_574                                      2        1.20100        0.00000        0.01161        0.00500              1
Psco_590                                      2        0.79000       -0.00000        0.00798        0.00500              1
Psco_694                                      2        4.09100        0.00000        0.01187        0.00500              1
Psco_702                                      2        0.49900        0.00000        0.00141        0.00500              1
Psco_718                                      2        2.91500        0.00000        0.00501        0.00500              1
Psco_559                                      2        2.11800       -0.00000        0.00659        0.00500              1
Psco_583                                      2        3.42800        0.00000        0.00289        0.00500              1
Psco_695                                      2        1.68200        0.00000        0.00194        0.00500              1
