                              Id         Gender   SelCriterion AvgCoancestryA AvgCoancestryC   Contribution  nContribution
Psco_990                                      1        5.92200       -0.00000        0.01033        0.01500              3
Psco_1006                                     1        7.04800        0.00000        0.00935        0.01500              3
Psco_1031                                     1        6.24500        0.00000        0.00457        0.01500              3
Psco_928                                      1        6.00100        0.00000        0.00494        0.01500              3
Psco_936                                      1        6.97600        0.00000        0.00517        0.01500              3
Psco_968                                      1        7.56400        0.00000        0.00540        0.01500              3
Psco_984                                      1        1.01700        0.00000       -0.00368        0.01500              3
Psco_1033                                     1        5.30900       -0.00000        0.00627        0.01500              3
Psco_930                                      1        2.77300        0.00000        0.00164        0.01500              3
Psco_962                                      1        5.93800        0.00000        0.00374        0.01500              3
Psco_997                                      1        4.23600        0.00000        0.00276        0.01500              3
Psco_965                                      1        7.22800        0.00000        0.00543        0.01500              3
Psco_664                                      1        5.54800        0.00000        0.00262        0.01500              3
Psco_216                                      1        2.46000        0.00000        0.00067        0.01000              2
Psco_330                                      1        1.40100        0.00000        0.00142        0.01000              2
Psco_170                                      1        2.54100        0.00000        0.00269        0.01000              2
Psco_365                                      1        1.93900       -0.00000        0.00251        0.01000              2
Psco_950                                      1        4.21600        0.00000        0.00577        0.01000              2
Psco_1041                                     1        2.78100        0.00000        0.00581        0.01000              2
Psco_946                                      1        4.16700        0.00000        0.00338        0.01000              2
Psco_954                                      1        4.80900        0.00000        0.00772        0.01000              2
Psco_1027                                     1        3.11400        0.00000        0.00384        0.01000              2
Psco_916                                      1        4.93100        0.00000        0.00339        0.01000              2
Psco_948                                      1        5.28400        0.00000        0.00478        0.01000              2
Psco_917                                      1        4.44100        0.00000        0.00265        0.01000              2
Psco_925                                      1        1.72200        0.00000       -0.00052        0.01000              2
Psco_497                                      1        1.78900        0.00000       -0.00020        0.01000              2
Psco_505                                      1        3.82100       -0.00000        0.00703        0.01000              2
Psco_561                                      1        4.90000        0.00000        0.00689        0.01000              2
Psco_523                                      1        2.66700        0.00000        0.00181        0.01000              2
Psco_305                                      1        1.74000        0.00000        0.00171        0.00500              1
Psco_377                                      1        3.03000        0.00000        0.00449        0.00500              1
Psco_378                                      1        0.65500        0.00000        0.00063        0.00500              1
Psco_233                                      1        1.17900        0.00000        0.00132        0.00500              1
Psco_435                                      1        2.38600        0.00000        0.00431        0.00500              1
Psco_998                                      1        2.38900        0.00000        0.00237        0.00500              1
Psco_966                                      1        4.20400        0.00000        0.00409        0.00500              1
Psco_982                                      1        0.48500        0.00000       -0.00053        0.00500              1
Psco_1047                                     1        5.03500        0.00000        0.00847        0.00500              1
Psco_912                                      1        4.51100        0.00000        0.00438        0.00500              1
Psco_944                                      1        0.17800        0.00000       -0.00046        0.00500              1
Psco_960                                      1       -0.13200        0.00000        0.00082        0.00500              1
Psco_1001                                     1        2.50400       -0.00000        0.00683        0.00500              1
Psco_1009                                     1        3.36100        0.00000        0.00573        0.00500              1
Psco_1017                                     1        4.06200       -0.00000        0.00922        0.00500              1
Psco_972                                      1        4.32000        0.00000        0.00833        0.00500              1
Psco_933                                      1        1.85400        0.00000        0.00418        0.00500              1
Psco_981                                      1        3.35600        0.00000        0.00356        0.00500              1
Psco_577                                      1        2.10000       -0.00000        0.00625        0.00500              1
Psco_531                                      1        2.65800        0.00000        0.00554        0.00500              1
Psco_587                                      1        1.77700       -0.00000        0.00401        0.00500              1
Psco_699                                      1        4.37300        0.00000        0.00737        0.00500              1
Psco_500                                      1        4.80700       -0.00000        0.00942        0.00500              1
Psco_564                                      1        3.85100        0.00000        0.00492        0.00500              1
Psco_501                                      1        1.37500        0.00000        0.00198        0.00500              1
Psco_606                                      1        1.22000        0.00000        0.00254        0.00500              1
Psco_671                                      1        4.06800        0.00000        0.00430        0.00500              1
Psco_727                                      2        0.40100        0.00000       -0.00404        0.00500              1
Psco_448                                      2        2.80400       -0.00000        0.00536        0.00500              1
Psco_488                                      2        1.60800        0.00000        0.00533        0.00500              1
Psco_249                                      2       -0.52600        0.00000        0.00278        0.00500              1
Psco_489                                      2        1.01900        0.00000        0.00396        0.00500              1
Psco_161                                      2       -1.29600        0.00000        0.00061        0.00500              1
Psco_315                                      2        1.89800        0.00000        0.00068        0.00500              1
Psco_323                                      2       -1.14000        0.00000        0.00038        0.00500              1
Psco_466                                      2        2.21100       -0.00000        0.00316        0.00500              1
Psco_356                                      2        2.48700       -0.00000        0.00275        0.00500              1
Psco_380                                      2        0.66300        0.00000        0.00435        0.00500              1
Psco_227                                      2        0.50100        0.00000        0.00044        0.00500              1
Psco_428                                      2        2.28100       -0.00000        0.00846        0.00500              1
Psco_436                                      2       -0.06500        0.00000        0.00415        0.00500              1
Psco_452                                      2        2.24700       -0.00000        0.00391        0.00500              1
Psco_476                                      2       -0.87500        0.00000        0.00197        0.00500              1
Psco_172                                      2        1.10000       -0.00000        0.00227        0.00500              1
Psco_254                                      2        2.56100       -0.00000        0.00215        0.00500              1
Psco_414                                      2       -0.32300       -0.00000        0.00284        0.00500              1
Psco_470                                      2       -0.79400        0.00000        0.00220        0.00500              1
Psco_304                                      2       -0.07300       -0.00000        0.00014        0.00500              1
Psco_423                                      2        1.33500        0.00000        0.00367        0.00500              1
Psco_463                                      2        5.19400        0.00000        0.00788        0.00500              1
Psco_471                                      2        1.90600        0.00000        0.00261        0.00500              1
Psco_910                                      2        0.48800       -0.00000       -0.00133        0.00500              1
Psco_918                                      2        3.21500        0.00000        0.00782        0.00500              1
Psco_926                                      2        0.04000        0.00000        0.00008        0.00500              1
Psco_1038                                     2        0.25500        0.00000        0.00603        0.00500              1
Psco_1046                                     2        0.57600       -0.00000       -0.00059        0.00500              1
Psco_1054                                     2        0.04400        0.00000        0.00354        0.00500              1
Psco_974                                      2        3.58100        0.00000        0.00604        0.00500              1
Psco_911                                      2        2.62300        0.00000        0.00361        0.00500              1
Psco_919                                      2        3.72800        0.00000        0.00819        0.00500              1
Psco_927                                      2        5.03400        0.00000        0.00247        0.00500              1
Psco_935                                      2        4.33600        0.00000        0.00378        0.00500              1
Psco_943                                      2        6.96500        0.00000        0.00539        0.00500              1
Psco_951                                      2        3.01900        0.00000        0.00460        0.00500              1
Psco_959                                      2        1.54400        0.00000        0.00441        0.00500              1
Psco_983                                      2        1.65100        0.00000        0.00288        0.00500              1
Psco_992                                      2       -0.09700        0.00000        0.00214        0.00500              1
Psco_1016                                     2        2.14700        0.00000        0.00460        0.00500              1
Psco_1024                                     2        1.63900        0.00000        0.00739        0.00500              1
Psco_1032                                     2        5.90000        0.00000        0.00507        0.00500              1
Psco_1040                                     2        5.80100       -0.00000        0.00984        0.00500              1
Psco_1056                                     2       -1.40400        0.00000       -0.00113        0.00500              1
Psco_976                                      2        1.48300       -0.00000        0.00076        0.00500              1
Psco_913                                      2        4.47700        0.00000        0.00433        0.00500              1
Psco_937                                      2        3.97500        0.00000        0.00830        0.00500              1
Psco_945                                      2        3.06300        0.00000        0.00336        0.00500              1
Psco_953                                      2        1.12000        0.00000        0.00180        0.00500              1
Psco_994                                      2        2.89400       -0.00000        0.00301        0.00500              1
Psco_1002                                     2        3.19600        0.00000        0.00792        0.00500              1
Psco_1010                                     2        0.24200        0.00000        0.00482        0.00500              1
Psco_1026                                     2        0.62500        0.00000        0.00354        0.00500              1
Psco_1034                                     2        1.18400        0.00000        0.00372        0.00500              1
Psco_1050                                     2        1.52300       -0.00000        0.00402        0.00500              1
Psco_978                                      2        0.92200        0.00000        0.00667        0.00500              1
Psco_915                                      2        5.66200        0.00000        0.00964        0.00500              1
Psco_923                                      2        0.71300        0.00000        0.00263        0.00500              1
Psco_931                                      2        5.69200        0.00000        0.00908        0.00500              1
Psco_947                                      2        2.56700       -0.00000        0.00552        0.00500              1
Psco_955                                      2        1.71800        0.00000        0.00290        0.00500              1
Psco_987                                      2        5.86800        0.00000        0.00531        0.00500              1
Psco_1004                                     2        2.96500       -0.00000        0.00403        0.00500              1
Psco_1028                                     2        6.42500        0.00000        0.00607        0.00500              1
Psco_1044                                     2        3.45200       -0.00000        0.00887        0.00500              1
Psco_964                                      2       -0.25500        0.00000        0.00240        0.00500              1
Psco_980                                      2        2.52700        0.00000        0.00409        0.00500              1
Psco_1013                                     2        4.63500        0.00000        0.00762        0.00500              1
Psco_1021                                     2        5.56700       -0.00000        0.00928        0.00500              1
Psco_1037                                     2        4.55300       -0.00000        0.01012        0.00500              1
Psco_1053                                     2        5.95500        0.00000        0.00934        0.00500              1
Psco_973                                      2        3.47900       -0.00000        0.00278        0.00500              1
Psco_989                                      2        0.61400        0.00000        0.00156        0.00500              1
Psco_512                                      2        1.18500        0.00000        0.00470        0.00500              1
Psco_568                                      2        0.19300        0.00000        0.00284        0.00500              1
Psco_584                                      2       -0.36500        0.00000       -0.00588        0.00500              1
Psco_688                                      2        2.43000        0.00000        0.00733        0.00500              1
Psco_633                                      2        0.31200        0.00000        0.00479        0.00500              1
Psco_641                                      2        0.84900        0.00000        0.00203        0.00500              1
Psco_649                                      2        2.52300        0.00000        0.00902        0.00500              1
Psco_665                                      2       -0.02400       -0.00000        0.00386        0.00500              1
Psco_594                                      2       -0.86300       -0.00000        0.00338        0.00500              1
Psco_635                                      2        2.04700        0.00000        0.00581        0.00500              1
Psco_596                                      2        2.49100       -0.00000        0.00593        0.00500              1
Psco_612                                      2        2.88300       -0.00000        0.00802        0.00500              1
Psco_628                                      2        3.88300       -0.00000        0.00721        0.00500              1
Psco_605                                      2        4.29100        0.00000        0.00133        0.00500              1
Psco_653                                      2        0.04900        0.00000        0.00505        0.00500              1
Psco_510                                      2        5.29700       -0.00000        0.00402        0.00500              1
Psco_550                                      2        1.53600        0.00000        0.00330        0.00500              1
Psco_566                                      2        1.27700        0.00000        0.00481        0.00500              1
Psco_574                                      2        1.20100        0.00000        0.00749        0.00500              1
Psco_590                                      2        0.79000       -0.00000        0.00639        0.00500              1
Psco_694                                      2        4.09100        0.00000        0.00804        0.00500              1
Psco_702                                      2        0.49900        0.00000        0.00286        0.00500              1
Psco_718                                      2        2.91500        0.00000        0.00332        0.00500              1
Psco_559                                      2        2.11800       -0.00000        0.00659        0.00500              1
Psco_583                                      2        3.42800        0.00000        0.00382        0.00500              1
Psco_695                                      2        1.68200        0.00000        0.00394        0.00500              1
