                              Id         Gender   SelCriterion AvgCoancestryA AvgCoancestryC   Contribution  nContribution
Psco_292                                      1       -1.88800        0.00000        0.00121        0.01000              2
Psco_454                                      1       -0.24300        0.00000        0.00072        0.01000              2
Psco_990                                      1        5.92200       -0.00000       -0.00033        0.01000              2
Psco_928                                      1        6.00100        0.00000        0.00102        0.01000              2
Psco_968                                      1        7.56400        0.00000        0.00116        0.01000              2
Psco_1017                                     1        4.06200       -0.00000       -0.00085        0.01000              2
Psco_1049                                     1       -1.39900        0.00000       -0.00042        0.01000              2
Psco_917                                      1        4.44100        0.00000        0.00032        0.01000              2
Psco_624                                      1       -2.66200       -0.00000       -0.00206        0.01000              2
Psco_664                                      1        5.54800        0.00000        0.00153        0.01000              2
Psco_1055                                     1       -2.58500        0.00000        0.00133        0.00500              1
Psco_215                                      1      -10.20000       -0.00000       -0.00090        0.00500              1
Psco_223                                      1       -2.26100        0.00000        0.00070        0.00500              1
Psco_297                                      1       -2.54000        0.00000        0.00094        0.00500              1
Psco_305                                      1        1.74000        0.00000        0.00217        0.00500              1
Psco_345                                      1       -6.96300        0.00000        0.00044        0.00500              1
Psco_377                                      1        3.03000        0.00000        0.00130        0.00500              1
Psco_200                                      1       -8.85900        0.00000       -0.00023        0.00500              1
Psco_208                                      1       -1.57300        0.00000        0.00160        0.00500              1
Psco_184                                      1       -0.62600        0.00000        0.00210        0.00500              1
Psco_330                                      1        1.40100        0.00000        0.00228        0.00500              1
Psco_338                                      1        0.46000        0.00000        0.00177        0.00500              1
Psco_346                                      1       -0.49100       -0.00000        0.00034        0.00500              1
Psco_354                                      1       -4.59500        0.00000        0.00062        0.00500              1
Psco_217                                      1       -4.31100        0.00000       -0.00079        0.00500              1
Psco_250                                      1      -11.07600       -0.00000       -0.00135        0.00500              1
Psco_194                                      1      -10.10000        0.00000       -0.00122        0.00500              1
Psco_234                                      1      -10.57100        0.00000       -0.00094        0.00500              1
Psco_170                                      1        2.54100        0.00000        0.00389        0.00500              1
Psco_178                                      1       -5.19800        0.00000        0.00000        0.00500              1
Psco_435                                      1        2.38600        0.00000        0.00106        0.00500              1
Psco_163                                      1       -5.98100       -0.00000       -0.00066        0.00500              1
Psco_301                                      1       -2.85300        0.00000        0.00104        0.00500              1
Psco_148                                      1       -2.40900        0.00000        0.00028        0.00500              1
Psco_429                                      1        1.48700       -0.00000        0.00199        0.00500              1
Psco_485                                      1        3.21200       -0.00000       -0.00101        0.00500              1
Psco_295                                      1       -1.43500        0.00000        0.00042        0.00500              1
Psco_214                                      1       -2.74400        0.00000        0.00066        0.00500              1
Psco_247                                      1       -3.01200       -0.00000        0.00034        0.00500              1
Psco_255                                      1        0.03000        0.00000        0.00377        0.00500              1
Psco_439                                      1        0.88400        0.00000        0.00119        0.00500              1
Psco_1006                                     1        7.04800        0.00000        0.00046        0.00500              1
Psco_950                                      1        4.21600        0.00000        0.00163        0.00500              1
Psco_982                                      1        0.48500        0.00000        0.00166        0.00500              1
Psco_999                                      1        1.99900       -0.00000        0.00293        0.00500              1
Psco_1015                                     1       -1.16900       -0.00000        0.00044        0.00500              1
Psco_1023                                     1       -0.19300        0.00000        0.00226        0.00500              1
Psco_1031                                     1        6.24500        0.00000        0.00158        0.00500              1
Psco_1039                                     1       -0.42500        0.00000        0.00065        0.00500              1
Psco_975                                      1       -2.65600        0.00000       -0.00234        0.00500              1
Psco_936                                      1        6.97600        0.00000        0.00114        0.00500              1
Psco_960                                      1       -0.13200        0.00000        0.00162        0.00500              1
Psco_984                                      1        1.01700        0.00000        0.00043        0.00500              1
Psco_1001                                     1        2.50400       -0.00000        0.00032        0.00500              1
Psco_1009                                     1        3.36100        0.00000        0.00307        0.00500              1
Psco_914                                      1        2.32100        0.00000        0.00156        0.00500              1
Psco_938                                      1       -0.24800       -0.00000        0.00048        0.00500              1
Psco_954                                      1        4.80900        0.00000        0.00007        0.00500              1
Psco_970                                      1       -1.81100       -0.00000        0.00079        0.00500              1
Psco_1003                                     1       -0.22200        0.00000        0.00239        0.00500              1
Psco_1019                                     1       -4.68300       -0.00000       -0.00250        0.00500              1
Psco_1043                                     1       -0.84000        0.00000        0.00087        0.00500              1
Psco_963                                      1        0.46800        0.00000        0.00122        0.00500              1
Psco_940                                      1        0.97600       -0.00000        0.00239        0.00500              1
Psco_948                                      1        5.28400        0.00000        0.00125        0.00500              1
Psco_988                                      1       -0.33800        0.00000       -0.00030        0.00500              1
Psco_925                                      1        1.72200        0.00000        0.00124        0.00500              1
Psco_933                                      1        1.85400        0.00000        0.00150        0.00500              1
Psco_949                                      1       -3.43000        0.00000        0.00075        0.00500              1
Psco_981                                      1        3.35600        0.00000        0.00021        0.00500              1
Psco_505                                      1        3.82100       -0.00000        0.00046        0.00500              1
Psco_521                                      1       -1.54500       -0.00000       -0.00128        0.00500              1
Psco_545                                      1        0.05900        0.00000       -0.00013        0.00500              1
Psco_681                                      1        2.12600       -0.00000        0.00030        0.00500              1
Psco_578                                      1        0.20100        0.00000        0.00208        0.00500              1
Psco_515                                      1       -0.88500        0.00000        0.00092        0.00500              1
Psco_523                                      1        2.66700        0.00000        0.00179        0.00500              1
Psco_571                                      1       -1.53400        0.00000        0.00029        0.00500              1
Psco_699                                      1        4.37300        0.00000        0.00073        0.00500              1
Psco_707                                      1        1.73000        0.00000        0.00257        0.00500              1
Psco_715                                      1       -1.06300        0.00000        0.00296        0.00500              1
Psco_723                                      1        1.72600        0.00000        0.00141        0.00500              1
Psco_500                                      1        4.80700       -0.00000       -0.00160        0.00500              1
Psco_540                                      1        1.59400        0.00000       -0.00060        0.00500              1
Psco_724                                      1       -2.00700        0.00000       -0.00039        0.00500              1
Psco_501                                      1        1.37500        0.00000        0.00016        0.00500              1
Psco_598                                      1        1.82100        0.00000        0.00177        0.00500              1
Psco_614                                      1       -1.15500        0.00000        0.00069        0.00500              1
Psco_630                                      1       -5.54800        0.00000        0.00003        0.00500              1
Psco_599                                      1        0.33300        0.00000        0.00272        0.00500              1
Psco_273                                      2       -8.28800        0.00000       -0.00012        0.00500              1
Psco_440                                      2       -3.49400        0.00000        0.00188        0.00500              1
Psco_448                                      2        2.80400       -0.00000        0.00091        0.00500              1
Psco_488                                      2        1.60800        0.00000        0.00280        0.00500              1
Psco_104                                      2       -5.79600       -0.00000       -0.00062        0.00500              1
Psco_136                                      2       -4.34400        0.00000        0.00153        0.00500              1
Psco_249                                      2       -0.52600        0.00000        0.00182        0.00500              1
Psco_168                                      2       -8.35600        0.00000        0.00010        0.00500              1
Psco_282                                      2      -10.51800       -0.00000       -0.00103        0.00500              1
Psco_394                                      2       -4.46400       -0.00000        0.00014        0.00500              1
Psco_449                                      2       -5.06700        0.00000        0.00043        0.00500              1
Psco_113                                      2       -3.88400        0.00000        0.00361        0.00500              1
Psco_129                                      2       -1.60400        0.00000        0.00091        0.00500              1
Psco_137                                      2       -6.86600        0.00000        0.00063        0.00500              1
Psco_161                                      2       -1.29600        0.00000        0.00250        0.00500              1
Psco_315                                      2        1.89800        0.00000        0.00235        0.00500              1
Psco_323                                      2       -1.14000        0.00000        0.00259        0.00500              1
Psco_331                                      2       -4.06200        0.00000        0.00175        0.00500              1
Psco_474                                      2       -1.96500        0.00000       -0.00004        0.00500              1
Psco_122                                      2       -2.92100        0.00000        0.00117        0.00500              1
Psco_138                                      2       -3.52200        0.00000        0.00354        0.00500              1
Psco_340                                      2       -1.00700        0.00000        0.00030        0.00500              1
Psco_356                                      2        2.48700       -0.00000       -0.00044        0.00500              1
Psco_364                                      2       -1.32400        0.00000        0.00151        0.00500              1
Psco_380                                      2        0.66300        0.00000        0.00203        0.00500              1
Psco_227                                      2        0.50100        0.00000       -0.00061        0.00500              1
Psco_269                                      2      -10.45800       -0.00000       -0.00100        0.00500              1
Psco_285                                      2       -0.91900       -0.00000        0.00260        0.00500              1
Psco_389                                      2       -7.51300       -0.00000        0.00072        0.00500              1
Psco_420                                      2       -2.17400        0.00000        0.00123        0.00500              1
Psco_436                                      2       -0.06500        0.00000        0.00222        0.00500              1
Psco_444                                      2       -1.95900        0.00000        0.00008        0.00500              1
Psco_452                                      2        2.24700       -0.00000        0.00191        0.00500              1
Psco_468                                      2       -0.61200        0.00000        0.00158        0.00500              1
Psco_476                                      2       -0.87500        0.00000        0.00147        0.00500              1
Psco_116                                      2       -4.71300       -0.00000        0.00041        0.00500              1
Psco_228                                      2       -4.44300       -0.00000        0.00042        0.00500              1
Psco_236                                      2       -3.26000       -0.00000       -0.00045        0.00500              1
Psco_156                                      2       -4.59500        0.00000        0.00052        0.00500              1
Psco_302                                      2       -6.41000       -0.00000       -0.00031        0.00500              1
Psco_318                                      2       -7.14600        0.00000        0.00094        0.00500              1
Psco_197                                      2      -10.69400       -0.00000       -0.00141        0.00500              1
Psco_254                                      2        2.56100       -0.00000        0.00197        0.00500              1
Psco_327                                      2       -4.38200       -0.00000        0.00003        0.00500              1
Psco_335                                      2       -8.92500       -0.00000       -0.00043        0.00500              1
Psco_110                                      2       -1.10100        0.00000        0.00262        0.00500              1
Psco_423                                      2        1.33500        0.00000        0.00173        0.00500              1
Psco_926                                      2        0.04000        0.00000        0.00187        0.00500              1
Psco_1046                                     2        0.57600       -0.00000        0.00133        0.00500              1
Psco_1054                                     2        0.04400        0.00000        0.00202        0.00500              1
Psco_974                                      2        3.58100        0.00000        0.00202        0.00500              1
Psco_919                                      2        3.72800        0.00000        0.00076        0.00500              1
Psco_927                                      2        5.03400        0.00000        0.00132        0.00500              1
Psco_983                                      2        1.65100        0.00000        0.00094        0.00500              1
Psco_992                                      2       -0.09700        0.00000        0.00106        0.00500              1
Psco_1000                                     2       -1.97700       -0.00000        0.00042        0.00500              1
Psco_1008                                     2       -1.45000        0.00000       -0.00018        0.00500              1
Psco_1016                                     2        2.14700        0.00000        0.00112        0.00500              1
Psco_1024                                     2        1.63900        0.00000        0.00012        0.00500              1
Psco_1032                                     2        5.90000        0.00000        0.00215        0.00500              1
Psco_1040                                     2        5.80100       -0.00000        0.00029        0.00500              1
Psco_1048                                     2       -1.47700        0.00000        0.00187        0.00500              1
Psco_921                                      2       -2.78800        0.00000        0.00239        0.00500              1
Psco_929                                      2       -1.88600        0.00000        0.00218        0.00500              1
Psco_945                                      2        3.06300        0.00000        0.00081        0.00500              1
Psco_961                                      2       -1.34300       -0.00000       -0.00069        0.00500              1
Psco_985                                      2       -0.99900        0.00000        0.00297        0.00500              1
Psco_1018                                     2       -2.74700        0.00000        0.00235        0.00500              1
Psco_1034                                     2        1.18400        0.00000       -0.00035        0.00500              1
Psco_1042                                     2       -1.99400       -0.00000        0.00172        0.00500              1
Psco_1058                                     2       -0.90400        0.00000        0.00074        0.00500              1
Psco_915                                      2        5.66200        0.00000        0.00122        0.00500              1
Psco_947                                      2        2.56700       -0.00000        0.00140        0.00500              1
Psco_955                                      2        1.71800        0.00000        0.00071        0.00500              1
Psco_1012                                     2       -0.95500        0.00000        0.00095        0.00500              1
Psco_1020                                     2       -1.49700        0.00000        0.00220        0.00500              1
Psco_1028                                     2        6.42500        0.00000        0.00154        0.00500              1
Psco_1053                                     2        5.95500        0.00000        0.00109        0.00500              1
Psco_512                                      2        1.18500        0.00000        0.00054        0.00500              1
Psco_568                                      2        0.19300        0.00000        0.00104        0.00500              1
Psco_688                                      2        2.43000        0.00000        0.00134        0.00500              1
Psco_704                                      2       -2.39300       -0.00000        0.00130        0.00500              1
Psco_601                                      2       -1.41800        0.00000        0.00006        0.00500              1
Psco_609                                      2       -0.47100        0.00000       -0.00016        0.00500              1
Psco_633                                      2        0.31200        0.00000        0.00040        0.00500              1
Psco_641                                      2        0.84900        0.00000        0.00235        0.00500              1
Psco_649                                      2        2.52300        0.00000       -0.00064        0.00500              1
Psco_627                                      2       -1.69600       -0.00000       -0.00210        0.00500              1
Psco_635                                      2        2.04700        0.00000        0.00134        0.00500              1
Psco_659                                      2       -3.21900        0.00000        0.00169        0.00500              1
Psco_636                                      2       -0.06300       -0.00000       -0.00184        0.00500              1
Psco_637                                      2       -0.13900       -0.00000       -0.00070        0.00500              1
Psco_645                                      2       -1.73100       -0.00000       -0.00077        0.00500              1
Psco_526                                      2        1.96600        0.00000       -0.00094        0.00500              1
Psco_550                                      2        1.53600        0.00000        0.00162        0.00500              1
Psco_566                                      2        1.27700        0.00000        0.00219        0.00500              1
Psco_574                                      2        1.20100        0.00000       -0.00153        0.00500              1
Psco_582                                      2       -1.01800       -0.00000        0.00055        0.00500              1
Psco_567                                      2       -2.06800        0.00000       -0.00089        0.00500              1
Psco_583                                      2        3.42800        0.00000        0.00093        0.00500              1
