        Iteration        AcceptPct        Objective        Penalties   FrontierDegree     SelCriterion  SelCriterionStd  MaxSelCriterPct       Coancestry   CoancestryRate MinCoancestryPct       Inbreeding   InbreedingRate MinInbreedingPct
                0              NaN          0.23917          0.00000         79.91526         -0.63453          0.10498         11.95837          0.00346          0.00346         67.23766          0.01317          0.04064              NaN
                1         54.44444          0.36961          0.00000         76.03923         -0.32595          0.17832         18.48051          0.00282          0.00282         74.33806          0.00098          0.02879              NaN
              113          8.88889          0.92957          0.00000         60.10151          0.99867          0.49319         46.47864          0.00223          0.00223         80.83374         -0.00274          0.02518              NaN
              223          4.44444          0.96705          0.00000         60.17563          1.08734          0.51427         48.35272          0.00191          0.00191         84.34539         -0.00380          0.02415              NaN
              325          4.44444          0.98321          0.00000         60.02084          1.12555          0.52335         49.16045          0.00184          0.00184         85.21997          0.00485          0.03256              NaN
              456          4.81481          0.99168          0.00000         60.08793          1.14560          0.52812         49.58424          0.00175          0.00175         86.18762         -0.00035          0.02750              NaN
              561          2.96296          0.99849          0.00000         60.03903          1.16169          0.53195         49.92433          0.00171          0.00171         86.60768          0.00524          0.03294              NaN
              697          2.59259          1.00549          0.00000         60.06951          1.17826          0.53588         50.27457          0.00165          0.00165         87.32259         -0.00413          0.02383              NaN
              834          4.81481          1.01102          0.00000         60.02863          1.19133          0.53899         50.55082          0.00161          0.00161         87.65771          0.00690          0.03455              NaN
              964          5.55556          1.01680          0.00000         60.00769          1.20501          0.54224         50.83997          0.00158          0.00158         88.08469          0.00184          0.02963              NaN
             1064          2.22222          1.02102          0.00000         60.03055          1.21501          0.54462         51.05123          0.00154          0.00154         88.53230          0.00119          0.02900              NaN
             1200         55.18519          1.02275          0.00000         60.00162          1.21908          0.54559         51.13747          0.00153          0.00153         88.57847         -0.00187          0.02602              NaN
