                              Id         Gender   SelCriterion AvgCoancestryA AvgCoancestryC   Contribution  nContribution
Psco_224                                      1       -9.22531       -0.00000        0.00750        0.01000              2
Psco_292                                      1       -0.30287       -0.00000       -0.00188        0.01000              2
Psco_381                                      1       -1.96495       -0.00000        0.01514        0.01000              2
Psco_376                                      1       -4.50476       -0.00000        0.01317        0.01000              2
Psco_608                                      1        6.24288       -0.00000        0.00068        0.01000              2
Psco_821                                      1        5.14546        0.00000        0.00006        0.01000              2
Psco_706                                      1        2.99665        0.00000        0.00201        0.01000              2
Psco_565_2                                    1       -0.77738       -0.00000        0.00623        0.01000              2
Psco_725_2                                    1        2.42723       -0.00000       -0.00259        0.01000              2
Psco_867                                      1       -1.23878       -0.00000        0.01524        0.01000              2
Psco_663                                      1        5.07404       -0.00000        0.00087        0.01000              2
Psco_313                                      1       -7.84994        0.00000       -0.00036        0.00500              1
Psco_345                                      1       -6.20488       -0.00000       -0.00110        0.00500              1
Psco_377                                      1        5.90575        0.00000       -0.00055        0.00500              1
Psco_266                                      1       -3.67811       -0.00000       -0.00066        0.00500              1
Psco_362                                      1        2.35440        0.00000       -0.00187        0.00500              1
Psco_241                                      1       -5.75520        0.00000       -0.00073        0.00500              1
Psco_283                                      1       -2.24423        0.00000        0.00922        0.00500              1
Psco_442                                      1       -1.84393        0.00000       -0.00420        0.00500              1
Psco_458                                      1        1.17117        0.00000        0.00060        0.00500              1
Psco_379                                      1       -4.39923        0.00000       -0.00286        0.00500              1
Psco_170                                      1        5.71212        0.00000       -0.00101        0.00500              1
Psco_435                                      1        5.62904        0.00000        0.00208        0.00500              1
Psco_467                                      1        0.05231        0.00000        0.01486        0.00500              1
Psco_107                                      1       -6.82041       -0.00000        0.00844        0.00500              1
Psco_123                                      1       -6.86211        0.00000       -0.00045        0.00500              1
Psco_171                                      1       -3.55764       -0.00000        0.01430        0.00500              1
Psco_187                                      1        0.12833        0.00000        0.00090        0.00500              1
Psco_293                                      1        1.53129        0.00000       -0.00343        0.00500              1
Psco_325                                      1       -7.07994        0.00000        0.00229        0.00500              1
Psco_333                                      1      -11.67136       -0.00000        0.01216        0.00500              1
Psco_349                                      1        1.07395        0.00000       -0.00122        0.00500              1
Psco_212                                      1        1.55127        0.00000       -0.00190        0.00500              1
Psco_262                                      1       -8.33810        0.00000        0.00234        0.00500              1
Psco_453                                      1        6.09350        0.00000        0.00029        0.00500              1
Psco_469                                      1        5.59313        0.00000        0.00201        0.00500              1
Psco_149                                      1       -7.11122        0.00000        0.00035        0.00500              1
Psco_157                                      1       -3.91784       -0.00000        0.01354        0.00500              1
Psco_181                                      1       -4.14112        0.00000       -0.00141        0.00500              1
Psco_454                                      1        4.18137        0.00000        0.00098        0.00500              1
Psco_247                                      1       -1.78427       -0.00000       -0.00447        0.00500              1
Psco_280                                      1       -2.30976        0.00000        0.01341        0.00500              1
Psco_431                                      1        2.93421        0.00000        0.00288        0.00500              1
Psco_439                                      1        4.69461        0.00000       -0.00218        0.00500              1
Psco_344                                      1       -4.82132        0.00000        0.00089        0.00500              1
Psco_990                                      1       10.19477        0.00000       -0.00198        0.00500              1
Psco_1014                                     1       -1.40606        0.00000        0.00798        0.00500              1
Psco_1022                                     1       -0.88921        0.00000       -0.00144        0.00500              1
Psco_991                                      1       -1.11224        0.00000        0.00441        0.00500              1
Psco_1015                                     1        2.28141        0.00000       -0.00147        0.00500              1
Psco_1055                                     1       -6.99858        0.00000        0.01486        0.00500              1
Psco_920                                      1       -2.33941        0.00000       -0.00361        0.00500              1
Psco_968                                      1        5.75496        0.00000        0.00030        0.00500              1
Psco_1017                                     1        8.15256       -0.00000        0.00129        0.00500              1
Psco_898                                      1        3.10307       -0.00000       -0.00102        0.00500              1
Psco_930                                      1        6.58836        0.00000        0.00210        0.00500              1
Psco_938                                      1        3.21784        0.00000       -0.00251        0.00500              1
Psco_1027                                     1        6.49406        0.00000        0.00226        0.00500              1
Psco_979                                      1       -6.63157        0.00000        0.00255        0.00500              1
Psco_997                                      1        1.81543        0.00000        0.00122        0.00500              1
Psco_949                                      1       -7.29209        0.00000        0.00942        0.00500              1
Psco_648                                      1        2.96471       -0.00000        0.00066        0.00500              1
Psco_513                                      1        2.19926       -0.00000       -0.00215        0.00500              1
Psco_830                                      1        8.48510        0.00000       -0.00055        0.00500              1
Psco_538                                      1       -2.79236        0.00000       -0.00254        0.00500              1
Psco_562                                      1        2.88110        0.00000        0.00090        0.00500              1
Psco_578                                      1        5.29896        0.00000       -0.00059        0.00500              1
Psco_682                                      1       -0.13009        0.00000        0.00025        0.00500              1
Psco_839                                      1        2.38478        0.00000        0.00288        0.00500              1
Psco_499                                      1        7.23321        0.00000       -0.00089        0.00500              1
Psco_531                                      1        8.48618        0.00000       -0.00179        0.00500              1
Psco_555                                      1        4.68037        0.00000        0.00222        0.00500              1
Psco_723                                      1        5.40405       -0.00000        0.00225        0.00500              1
Psco_760                                      1        2.70912        0.00000       -0.00413        0.00500              1
Psco_768                                      1       -1.64287        0.00000       -0.00434        0.00500              1
Psco_784                                      1        6.04218       -0.00000       -0.00042        0.00500              1
Psco_792                                      1        4.63557        0.00000        0.00142        0.00500              1
Psco_540                                      1        5.22955        0.00000        0.00043        0.00500              1
Psco_753                                      1        5.23036        0.00000        0.00289        0.00500              1
Psco_746                                      1        7.17138        0.00000       -0.00202        0.00500              1
Psco_866                                      1        7.64401        0.00000        0.00004        0.00500              1
Psco_598                                      1        5.56123        0.00000       -0.00215        0.00500              1
Psco_646                                      1       -6.50550        0.00000       -0.00099        0.00500              1
Psco_654                                      1       -2.37426       -0.00000        0.00903        0.00500              1
Psco_662                                      1        3.13820        0.00000        0.00073        0.00500              1
Psco_835                                      1      -15.24369        0.00000        0.01119        0.00500              1
Psco_843                                      1        2.94621        0.00000        0.00142        0.00500              1
Psco_615                                      1        4.27348        0.00000       -0.00106        0.00500              1
Psco_836                                      1        3.07445        0.00000       -0.00191        0.00500              1
Psco_1010                                     2        4.02914        0.00000        0.00066        0.00500              1
Psco_119                                      2       -8.34848        0.00000        0.00249        0.00500              1
Psco_143                                      2       -8.88191       -0.00000        0.00912        0.00500              1
Psco_265                                      2       -1.68853        0.00000       -0.00104        0.00500              1
Psco_385                                      2       -9.99417        0.00000       -0.00148        0.00500              1
Psco_393                                      2       -9.28992        0.00000        0.01272        0.00500              1
Psco_440                                      2        0.39110        0.00000        0.00160        0.00500              1
Psco_456                                      2       -0.92060        0.00000        0.00153        0.00500              1
Psco_112                                      2       -3.08339        0.00000        0.01196        0.00500              1
Psco_425                                      2       -3.31275       -0.00000        0.00547        0.00500              1
Psco_433                                      2        1.11191        0.00000        0.00231        0.00500              1
Psco_441                                      2      -11.76350        0.00000        0.00867        0.00500              1
Psco_473                                      2        6.52566        0.00000       -0.00207        0.00500              1
Psco_481                                      2        3.51403        0.00000        0.00140        0.00500              1
Psco_489                                      2        4.64693        0.00000       -0.00053        0.00500              1
Psco_121                                      2        8.38841        0.00000       -0.00196        0.00500              1
Psco_129                                      2       -2.32892        0.00000       -0.00013        0.00500              1
Psco_137                                      2       -6.80704        0.00000       -0.00409        0.00500              1
Psco_387                                      2      -14.39903        0.00000        0.00945        0.00500              1
Psco_474                                      2        1.28241        0.00000        0.00212        0.00500              1
Psco_490                                      2        2.19715        0.00000        0.00221        0.00500              1
Psco_284                                      2       -3.47371        0.00000        0.01515        0.00500              1
Psco_324                                      2       -3.59380        0.00000        0.00530        0.00500              1
Psco_203                                      2       -4.46870        0.00000       -0.00316        0.00500              1
Psco_219                                      2      -11.15880        0.00000        0.00941        0.00500              1
Psco_412                                      2        1.41254        0.00000       -0.00301        0.00500              1
Psco_420                                      2        0.46369        0.00000       -0.00037        0.00500              1
Psco_180                                      2       -4.98712        0.00000        0.00810        0.00500              1
Psco_188                                      2       -7.15197        0.00000        0.01343        0.00500              1
Psco_318                                      2       -5.75173        0.00000       -0.00078        0.00500              1
Psco_374                                      2      -10.29770        0.00000        0.00295        0.00500              1
Psco_382                                      2      -11.21497        0.00000        0.00424        0.00500              1
Psco_213                                      2       -2.46444       -0.00000        0.01483        0.00500              1
Psco_221                                      2       -5.56754        0.00000        0.00718        0.00500              1
Psco_229                                      2       -6.99718        0.00000        0.01300        0.00500              1
Psco_287                                      2      -10.20358        0.00000       -0.00009        0.00500              1
Psco_486                                      2        2.93323        0.00000       -0.00034        0.00500              1
Psco_110                                      2        0.24495        0.00000        0.00089        0.00500              1
Psco_304                                      2        0.74246        0.00000        0.00088        0.00500              1
Psco_479                                      2       -2.22056        0.00000       -0.00186        0.00500              1
Psco_926                                      2       -2.87270        0.00000        0.01493        0.00500              1
Psco_1046                                     2       -1.82727        0.00000        0.00773        0.00500              1
Psco_903                                      2        1.77622        0.00000        0.00170        0.00500              1
Psco_935                                      2        3.25113        0.00000        0.00041        0.00500              1
Psco_1000                                     2       -5.82605        0.00000        0.01517        0.00500              1
Psco_976                                      2       -2.51363        0.00000        0.01295        0.00500              1
Psco_897                                      2       -5.90899        0.00000        0.00250        0.00500              1
Psco_921                                      2       -4.22338        0.00000       -0.00094        0.00500              1
Psco_961                                      2        0.28181        0.00000        0.00040        0.00500              1
Psco_994                                      2        0.13770       -0.00000        0.01437        0.00500              1
Psco_978                                      2        4.08019        0.00000        0.00100        0.00500              1
Psco_899                                      2        7.03092        0.00000        0.00006        0.00500              1
Psco_907                                      2        6.57966        0.00000       -0.00227        0.00500              1
Psco_1004                                     2        0.66954        0.00000        0.00097        0.00500              1
Psco_1012                                     2        0.49105        0.00000       -0.00096        0.00500              1
Psco_980                                      2        1.35122        0.00000       -0.00089        0.00500              1
Psco_901                                      2       -1.22076        0.00000       -0.00183        0.00500              1
Psco_1021                                     2        9.85581        0.00000        0.00012        0.00500              1
Psco_1037                                     2        8.21798        0.00000       -0.00152        0.00500              1
Psco_1053                                     2        3.92565       -0.00000        0.00229        0.00500              1
Psco_973                                      2        0.71514        0.00000        0.00608        0.00500              1
Psco_496                                      2        0.01526       -0.00000        0.01528        0.00500              1
Psco_520                                      2       -4.01945        0.00000        0.00068        0.00500              1
Psco_544                                      2       -4.39151        0.00000        0.00784        0.00500              1
Psco_552                                      2        6.36646        0.00000        0.00174        0.00500              1
Psco_560                                      2        3.23834        0.00000        0.00280        0.00500              1
Psco_568                                      2        2.99870        0.00000       -0.00225        0.00500              1
Psco_625                                      2       -4.68336        0.00000       -0.00135        0.00500              1
Psco_641                                      2        5.86221        0.00000        0.00054        0.00500              1
Psco_665                                      2        4.84928        0.00000       -0.00076        0.00500              1
Psco_721                                      2        1.28896        0.00000       -0.00125        0.00500              1
Psco_846                                      2        2.09074        0.00000        0.00261        0.00500              1
Psco_594                                      2        2.49764       -0.00000       -0.00113        0.00500              1
Psco_666                                      2       -1.66516        0.00000        0.00892        0.00500              1
Psco_690                                      2       -5.59657       -0.00000        0.00801        0.00500              1
Psco_879                                      2        6.01410        0.00000       -0.00107        0.00500              1
Psco_627                                      2        2.58340       -0.00000        0.00073        0.00500              1
Psco_683                                      2       -5.68940        0.00000        0.00155        0.00500              1
Psco_800                                      2        4.15799        0.00000        0.00060        0.00500              1
Psco_848                                      2       -1.10088       -0.00000       -0.00108        0.00500              1
Psco_612                                      2        8.61582        0.00000       -0.00083        0.00500              1
Psco_684                                      2        1.37939        0.00000       -0.00117        0.00500              1
Psco_841                                      2        1.90623        0.00000       -0.00243        0.00500              1
Psco_889                                      2        7.01167        0.00000       -0.00228        0.00500              1
Psco_621                                      2        5.20617        0.00000       -0.00436        0.00500              1
Psco_629                                      2       -5.35168        0.00000        0.00852        0.00500              1
Psco_802                                      2       -4.14422        0.00000        0.01474        0.00500              1
Psco_770                                      2        0.84811       -0.00000        0.00845        0.00500              1
Psco_778                                      2       -0.75853        0.00000       -0.00110        0.00500              1
Psco_510                                      2        8.50549       -0.00000        0.00318        0.00500              1
Psco_518                                      2        1.48653        0.00000        0.00071        0.00500              1
Psco_542                                      2       -4.98960        0.00000        0.01484        0.00500              1
Psco_574                                      2        4.24631        0.00000        0.00003        0.00500              1
Psco_726                                      2        0.40781       -0.00000       -0.00045        0.00500              1
Psco_747                                      2       -2.66015        0.00000        0.00422        0.00500              1
Psco_519                                      2        2.32729        0.00000       -0.00184        0.00500              1
Psco_583                                      2        5.92870       -0.00000       -0.00159        0.00500              1
Psco_591                                      2       -1.54044        0.00000        0.00613        0.00500              1
Psco_695                                      2        5.94869        0.00000       -0.00208        0.00500              1
Psco_772                                      2       -3.70064        0.00000        0.01396        0.00500              1
