                              Id         Gender   SelCriterion AvgCoancestryA AvgCoancestryC   Contribution  nContribution
Psco_218                                      1      -12.11387       -0.00000        0.00398        0.01500              3
Psco_253                                      1       -5.27931       -0.00000       -0.00503        0.01000              2
Psco_438                                      1       -4.24045       -0.00000        0.00470        0.01000              2
Psco_376                                      1       -4.50476       -0.00000        0.01205        0.01000              2
Psco_1057                                     1       -2.17383       -0.00000        0.01294        0.01000              2
Psco_916                                      1        3.56665        0.00000       -0.00333        0.01000              2
Psco_712                                      1        0.17791       -0.00000        0.00456        0.01000              2
Psco_519                                      1        2.32729       -0.00000        0.00227        0.01000              2
Psco_647                                      1       -0.26428       -0.00000        0.00442        0.01000              2
Psco_313                                      1       -7.84994       -0.00000       -0.00153        0.00500              1
Psco_361                                      1       -5.00776       -0.00000        0.01247        0.00500              1
Psco_224                                      1       -9.22531       -0.00000        0.00173        0.00500              1
Psco_370                                      1       -0.79867       -0.00000        0.00286        0.00500              1
Psco_283                                      1       -2.24423       -0.00000        0.00619        0.00500              1
Psco_299                                      1       -5.92606       -0.00000       -0.00580        0.00500              1
Psco_434                                      1        7.46813       -0.00000       -0.00340        0.00500              1
Psco_442                                      1       -1.84393       -0.00000        0.00506        0.00500              1
Psco_450                                      1       -5.98549       -0.00000        0.01542        0.00500              1
Psco_210                                      1        7.80299        0.00000       -0.00375        0.00500              1
Psco_419                                      1        4.44782       -0.00000        0.00105        0.00500              1
Psco_443                                      1        0.80624       -0.00000       -0.00130        0.00500              1
Psco_451                                      1       -6.06257       -0.00000       -0.00341        0.00500              1
Psco_467                                      1        0.05231       -0.00000        0.01098        0.00500              1
Psco_491                                      1       -8.67696       -0.00000        0.00389        0.00500              1
Psco_155                                      1       -2.47408       -0.00000        0.01093        0.00500              1
Psco_179                                      1       -2.65675       -0.00000       -0.00341        0.00500              1
Psco_317                                      1       10.89538       -0.00000       -0.00505        0.00500              1
Psco_341                                      1       -0.84781       -0.00000        0.00454        0.00500              1
Psco_381                                      1       -1.96495       -0.00000        0.01228        0.00500              1
Psco_270                                      1       -4.99383        0.00000       -0.00188        0.00500              1
Psco_413                                      1       -8.05135       -0.00000        0.00586        0.00500              1
Psco_421                                      1        1.31849        0.00000       -0.00112        0.00500              1
Psco_461                                      1       -1.29133       -0.00000        0.00406        0.00500              1
Psco_157                                      1       -3.91784       -0.00000        0.00745        0.00500              1
Psco_165                                      1       -7.29399        0.00000       -0.00746        0.00500              1
Psco_189                                      1        1.68520       -0.00000        0.00159        0.00500              1
Psco_383                                      1      -10.80669       -0.00000        0.00495        0.00500              1
Psco_230                                      1      -10.55696       -0.00000        0.00349        0.00500              1
Psco_280                                      1       -2.30976       -0.00000        0.01148        0.00500              1
Psco_312                                      1       -6.95336        0.00000       -0.00054        0.00500              1
Psco_431                                      1        2.93421       -0.00000        0.00057        0.00500              1
Psco_360                                      1       -7.59031       -0.00000        0.00947        0.00500              1
Psco_368                                      1       -2.49260       -0.00000        0.01325        0.00500              1
Psco_918                                      1        0.72601       -0.00000        0.00209        0.00500              1
Psco_1030                                     1       -4.85405       -0.00000       -0.00746        0.00500              1
Psco_911                                      1        1.12400       -0.00000        0.00087        0.00500              1
Psco_1032                                     1        4.44975       -0.00000       -0.00042        0.00500              1
Psco_976                                      1       -2.51363       -0.00000        0.01226        0.00500              1
Psco_994                                      1        0.13770       -0.00000        0.01352        0.00500              1
Psco_1058                                     1       -4.38154       -0.00000       -0.00696        0.00500              1
Psco_1003                                     1       -3.10313        0.00000       -0.00558        0.00500              1
Psco_900                                      1        3.23476       -0.00000        0.00256        0.00500              1
Psco_908                                      1      -10.18988       -0.00000        0.00402        0.00500              1
Psco_1020                                     1       -5.00265       -0.00000       -0.00524        0.00500              1
Psco_980                                      1        1.35122       -0.00000        0.00376        0.00500              1
Psco_1013                                     1        2.47377       -0.00000        0.00308        0.00500              1
Psco_949                                      1       -7.29209       -0.00000        0.00219        0.00500              1
Psco_981                                      1        0.34011       -0.00000        0.00503        0.00500              1
Psco_616                                      1       -5.41143       -0.00000        0.00455        0.00500              1
Psco_757                                      1        1.99562       -0.00000       -0.00295        0.00500              1
Psco_625                                      1       -4.68336       -0.00000        0.00551        0.00500              1
Psco_657                                      1        3.13597       -0.00000       -0.00139        0.00500              1
Psco_689                                      1       -0.52209       -0.00000       -0.00290        0.00500              1
Psco_697                                      1        1.28897       -0.00000        0.00454        0.00500              1
Psco_713                                      1        5.38083        0.00000       -0.00070        0.00500              1
Psco_506                                      1       -1.96002       -0.00000        0.00581        0.00500              1
Psco_530                                      1       -0.62365       -0.00000        0.01214        0.00500              1
Psco_538                                      1       -2.79236       -0.00000        0.00121        0.00500              1
Psco_554                                      1        2.03717       -0.00000        0.00030        0.00500              1
Psco_682                                      1       -0.13009        0.00000        0.00458        0.00500              1
Psco_698                                      1       -0.95327       -0.00000        0.01486        0.00500              1
Psco_722                                      1        1.16788       -0.00000        0.00383        0.00500              1
Psco_839                                      1        2.38478       -0.00000        0.00211        0.00500              1
Psco_619                                      1        0.75688       -0.00000        0.00203        0.00500              1
Psco_880                                      1       -6.54514       -0.00000        0.01289        0.00500              1
Psco_532                                      1        0.04960       -0.00000        0.00236        0.00500              1
Psco_517                                      1       -6.48982       -0.00000       -0.00229        0.00500              1
Psco_525                                      1       -5.25315       -0.00000        0.01321        0.00500              1
Psco_549                                      1       -5.25427       -0.00000        0.00455        0.00500              1
Psco_669                                      1        5.30613       -0.00000       -0.00163        0.00500              1
Psco_802                                      1       -4.14422       -0.00000        0.01292        0.00500              1
Psco_842                                      1        3.24342        0.00000        0.00199        0.00500              1
Psco_518                                      1        1.48653       -0.00000       -0.00069        0.00500              1
Psco_678                                      1       -5.24556       -0.00000        0.01533        0.00500              1
Psco_867                                      1       -1.23878       -0.00000        0.01286        0.00500              1
Psco_779                                      1       -0.96653        0.00000       -0.00127        0.00500              1
Psco_883                                      1       -1.14062       -0.00000       -0.00228        0.00500              1
Psco_623                                      1        0.11398       -0.00000        0.00160        0.00500              1
Psco_591                                      1       -1.54044       -0.00000       -0.00862        0.00500              1
Psco_772                                      1       -3.70064       -0.00000        0.01498        0.00500              1
Psco_119                                      2       -8.34848       -0.00000       -0.00151        0.00500              1
Psco_143                                      2       -8.88191       -0.00000        0.00383        0.00500              1
Psco_248                                      2        2.07406       -0.00000        0.00260        0.00500              1
Psco_256                                      2       -3.40108       -0.00000       -0.00377        0.00500              1
Psco_385                                      2       -9.99417       -0.00000       -0.00584        0.00500              1
Psco_393                                      2       -9.28992       -0.00000        0.00621        0.00500              1
Psco_416                                      2       -2.04579       -0.00000        0.01179        0.00500              1
Psco_432                                      2       -2.60041        0.00000       -0.00904        0.00500              1
Psco_464                                      2       -3.33179       -0.00000        0.00223        0.00500              1
Psco_128                                      2       -5.69139       -0.00000        0.00493        0.00500              1
Psco_176                                      2      -11.61180       -0.00000        0.00337        0.00500              1
Psco_386                                      2       -8.08867        0.00000       -0.00232        0.00500              1
Psco_433                                      2        1.11191       -0.00000       -0.00118        0.00500              1
Psco_441                                      2      -11.76350       -0.00000        0.00219        0.00500              1
Psco_465                                      2        1.36652        0.00000       -0.00448        0.00500              1
Psco_473                                      2        6.52566       -0.00000       -0.00095        0.00500              1
Psco_481                                      2        3.51403       -0.00000        0.00035        0.00500              1
Psco_105                                      2       -5.22112       -0.00000        0.01209        0.00500              1
Psco_121                                      2        8.38841       -0.00000       -0.00405        0.00500              1
Psco_153                                      2       -0.91723       -0.00000        0.00371        0.00500              1
Psco_307                                      2        1.98980       -0.00000        0.00312        0.00500              1
Psco_482                                      2       -4.56773       -0.00000        0.00427        0.00500              1
Psco_490                                      2        2.19715       -0.00000        0.00283        0.00500              1
Psco_106                                      2       -4.36212       -0.00000       -0.00282        0.00500              1
Psco_251                                      2       -3.04286       -0.00000       -0.00238        0.00500              1
Psco_268                                      2      -10.98700       -0.00000        0.00368        0.00500              1
Psco_284                                      2       -3.47371       -0.00000        0.01388        0.00500              1
Psco_388                                      2       -5.39232       -0.00000        0.01151        0.00500              1
Psco_348                                      2        2.54974       -0.00000        0.00296        0.00500              1
Psco_243                                      2        2.28489       -0.00000        0.00277        0.00500              1
Psco_261                                      2      -14.31189       -0.00000        0.00389        0.00500              1
Psco_484                                      2        3.51394       -0.00000        0.00428        0.00500              1
Psco_492                                      2        3.10792       -0.00000       -0.00019        0.00500              1
Psco_108                                      2       -3.07535       -0.00000       -0.00228        0.00500              1
Psco_213                                      2       -2.46444       -0.00000        0.01123        0.00500              1
Psco_229                                      2       -6.99718       -0.00000        0.01424        0.00500              1
Psco_271                                      2       -9.49153       -0.00000        0.00268        0.00500              1
Psco_343                                      2        0.29827       -0.00000        0.00178        0.00500              1
Psco_351                                      2        1.45034       -0.00000        0.00407        0.00500              1
Psco_158                                      2       -5.97457        0.00000       -0.00670        0.00500              1
Psco_182                                      2       -2.42920       -0.00000       -0.00321        0.00500              1
Psco_190                                      2        0.37538       -0.00000        0.00203        0.00500              1
Psco_447                                      2        5.08015        0.00000       -0.00063        0.00500              1
Psco_495                                      2        2.79562       -0.00000        0.00223        0.00500              1
Psco_1014                                     2       -1.40606       -0.00000       -0.00590        0.00500              1
Psco_926                                      2       -2.87270       -0.00000        0.01434        0.00500              1
Psco_1054                                     2       -1.51423       -0.00000        0.00332        0.00500              1
Psco_903                                      2        1.77622       -0.00000        0.00123        0.00500              1
Psco_943                                      2        5.17163       -0.00000       -0.00401        0.00500              1
Psco_1055                                     2       -6.99858       -0.00000        0.01426        0.00500              1
Psco_896                                      2       -2.59193       -0.00000       -0.00291        0.00500              1
Psco_912                                      2        1.82480       -0.00000       -0.00260        0.00500              1
Psco_1024                                     2       -1.27877       -0.00000        0.00315        0.00500              1
Psco_1025                                     2       -6.84899       -0.00000        0.01396        0.00500              1
Psco_906                                      2        2.93661       -0.00000        0.00058        0.00500              1
Psco_1018                                     2       -6.06068       -0.00000        0.00537        0.00500              1
Psco_1034                                     2       -1.65374       -0.00000        0.00354        0.00500              1
Psco_946                                      2        4.60642       -0.00000        0.00206        0.00500              1
Psco_986                                      2       -9.68055       -0.00000        0.00427        0.00500              1
Psco_931                                      2        2.65309       -0.00000        0.00126        0.00500              1
Psco_987                                      2        4.31939       -0.00000        0.00242        0.00500              1
Psco_997                                      2        1.81543       -0.00000       -0.00167        0.00500              1
Psco_925                                      2       -1.73750       -0.00000        0.01387        0.00500              1
Psco_941                                      2       -4.74709       -0.00000        0.00434        0.00500              1
Psco_319                                      2       -6.53900       -0.00000        0.00055        0.00500              1
Psco_496                                      2        0.01526       -0.00000        0.01374        0.00500              1
Psco_504                                      2       -1.59486       -0.00000        0.01400        0.00500              1
Psco_560                                      2        3.23834       -0.00000       -0.00004        0.00500              1
Psco_829                                      2        1.96077       -0.00000       -0.00399        0.00500              1
Psco_765                                      2       -3.40416       -0.00000        0.01483        0.00500              1
Psco_869                                      2        0.64652       -0.00000       -0.00167        0.00500              1
Psco_885                                      2        5.26812       -0.00000        0.00252        0.00500              1
Psco_553                                      2       -1.38798       -0.00000        0.00292        0.00500              1
Psco_846                                      2        2.09074       -0.00000        0.00027        0.00500              1
Psco_870                                      2       -5.72582       -0.00000        0.00458        0.00500              1
Psco_878                                      2        3.54309       -0.00000        0.00164        0.00500              1
Psco_602                                      2        2.27690       -0.00000        0.00021        0.00500              1
Psco_618                                      2        0.49918       -0.00000        0.00137        0.00500              1
Psco_642                                      2        1.60881       -0.00000       -0.00018        0.00500              1
Psco_586                                      2        1.08409       -0.00000       -0.00245        0.00500              1
Psco_706                                      2        2.99665        0.00000       -0.00057        0.00500              1
Psco_815                                      2        5.52385        0.00000       -0.00100        0.00500              1
Psco_751                                      2        1.23462       -0.00000       -0.00643        0.00500              1
Psco_847                                      2       -4.37974       -0.00000       -0.00353        0.00500              1
Psco_595                                      2        3.52603        0.00000       -0.00405        0.00500              1
Psco_675                                      2        1.44369       -0.00000        0.00277        0.00500              1
Psco_691                                      2       -4.37110       -0.00000        0.01450        0.00500              1
Psco_604                                      2       -1.54922       -0.00000       -0.00104        0.00500              1
Psco_524                                      2        2.15665       -0.00000        0.00169        0.00500              1
Psco_588                                      2       -0.73505       -0.00000       -0.00735        0.00500              1
Psco_700                                      2        4.30997       -0.00000       -0.00356        0.00500              1
Psco_809                                      2        1.42119       -0.00000       -0.00246        0.00500              1
Psco_841                                      2        1.90623       -0.00000        0.00364        0.00500              1
Psco_785                                      2       -1.20516       -0.00000        0.00625        0.00500              1
Psco_889                                      2        7.01167       -0.00000       -0.00332        0.00500              1
Psco_629                                      2       -5.35168        0.00000       -0.00565        0.00500              1
Psco_794                                      2        2.28090       -0.00000       -0.00647        0.00500              1
Psco_502                                      2        1.18048       -0.00000        0.00345        0.00500              1
Psco_622                                      2       -5.63964       -0.00000       -0.00301        0.00500              1
Psco_710                                      2        2.36823       -0.00000        0.00042        0.00500              1
