                              Id         Gender   SelCriterion AvgCoancestryA AvgCoancestryC   Contribution  nContribution
Psco_167                                      1        2.41000        0.00000       -0.00669        0.01500              3
Psco_210                                      1        6.57800        0.00000        0.00747        0.01500              3
Psco_317                                      1        9.81600       -0.00000        0.00868        0.01500              3
Psco_141                                      1        6.75200       -0.00000        0.00795        0.01500              3
Psco_446                                      1        7.80300       -0.00000        0.01204        0.01500              3
Psco_829                                      1        4.51300       -0.00000        0.00720        0.01500              3
Psco_789                                      1        4.80000        0.00000        0.00046        0.01500              3
Psco_814                                      1        8.86000        0.00000        0.01249        0.01500              3
Psco_830                                      1        4.63900       -0.00000        0.00315        0.01500              3
Psco_530                                      1        2.39400       -0.00000       -0.00736        0.01500              3
Psco_791                                      1        6.65500       -0.00000        0.00463        0.01500              3
Psco_499                                      1        7.84200       -0.00000        0.01314        0.01500              3
Psco_539                                      1        5.56500       -0.00000        0.00213        0.01500              3
Psco_555                                      1        6.15200       -0.00000        0.01174        0.01500              3
Psco_579                                      1        6.00300        0.00000        0.00793        0.01500              3
Psco_760                                      1        5.32700        0.00000        0.00729        0.01500              3
Psco_581                                      1        3.95500       -0.00000       -0.00253        0.01500              3
Psco_866                                      1        4.71400        0.00000        0.00025        0.01500              3
Psco_867                                      1        1.68800       -0.00000       -0.00585        0.01500              3
Psco_804                                      1        8.26600       -0.00000        0.01196        0.01500              3
Psco_362                                      1        5.37000        0.00000        0.01399        0.01000              2
Psco_434                                      1        7.19200        0.00000        0.01292        0.01000              2
Psco_419                                      1        6.54400       -0.00000        0.01463        0.01000              2
Psco_381                                      1        1.75900       -0.00000       -0.00516        0.01000              2
Psco_900                                      1        6.00600       -0.00000        0.00977        0.01000              2
Psco_750                                      1        6.52400        0.00000        0.01123        0.01000              2
Psco_766                                      1        5.74600        0.00000        0.00781        0.01000              2
Psco_498                                      1        2.59300       -0.00000       -0.00320        0.01000              2
Psco_516                                      1        5.66500       -0.00000        0.01136        0.01000              2
Psco_700                                      1        5.66300       -0.00000        0.00943        0.01000              2
Psco_769                                      1        5.47800        0.00000        0.01002        0.01000              2
Psco_509                                      1        5.26100        0.00000        0.00764        0.01000              2
Psco_746                                      1        5.61700        0.00000        0.00756        0.01000              2
Psco_638                                      1        3.91900        0.00000       -0.00070        0.01000              2
Psco_756                                      1        4.54600        0.00000        0.00442        0.01000              2
Psco_884                                      1        6.05100       -0.00000        0.00774        0.01000              2
Psco_467                                      1        2.66700        0.00000       -0.00458        0.00500              1
Psco_758                                      1        4.18500        0.00000        0.00906        0.00500              1
Psco_774                                      1        1.77900        0.00000        0.00032        0.00500              1
Psco_840                                      1        6.12900        0.00000        0.01313        0.00500              1
Psco_754                                      1        4.22900       -0.00000        0.00203        0.00500              1
Psco_851                                      1        4.15000        0.00000        0.00667        0.00500              1
Psco_679                                      1        2.49400       -0.00000       -0.00240        0.00500              1
Psco_868                                      1        5.19400        0.00000        0.00960        0.00500              1
Psco_103                                      2        4.01900        0.00000        0.01193        0.00500              1
Psco_143                                      2       -4.45300       -0.00000       -0.01380        0.00500              1
Psco_248                                      2        4.45000       -0.00000        0.01198        0.00500              1
Psco_416                                      2        0.86100        0.00000       -0.00642        0.00500              1
Psco_424                                      2       -1.05000        0.00000       -0.00834        0.00500              1
Psco_112                                      2        0.14800       -0.00000       -0.00595        0.00500              1
Psco_425                                      2       -0.16300       -0.00000       -0.00335        0.00500              1
Psco_465                                      2        3.72300        0.00000        0.01020        0.00500              1
Psco_473                                      2        5.85800        0.00000        0.00957        0.00500              1
Psco_481                                      2        5.25600       -0.00000        0.01177        0.00500              1
Psco_105                                      2       -1.26000       -0.00000       -0.00759        0.00500              1
Psco_121                                      2        7.37100       -0.00000        0.00824        0.00500              1
Psco_169                                      2        2.48100        0.00000       -0.00405        0.00500              1
Psco_307                                      2        5.12300       -0.00000        0.01435        0.00500              1
Psco_490                                      2        5.15600        0.00000        0.01180        0.00500              1
Psco_130                                      2        5.26700        0.00000        0.01234        0.00500              1
Psco_251                                      2        0.06400       -0.00000       -0.00488        0.00500              1
Psco_284                                      2        0.05400       -0.00000       -0.00812        0.00500              1
Psco_332                                      2        2.23000       -0.00000       -0.00433        0.00500              1
Psco_348                                      2        5.51400       -0.00000        0.01341        0.00500              1
Psco_243                                      2        5.36500       -0.00000        0.01407        0.00500              1
Psco_484                                      2        5.15200       -0.00000        0.01201        0.00500              1
Psco_492                                      2        5.37500       -0.00000        0.00975        0.00500              1
Psco_164                                      2        3.90000       -0.00000       -0.00662        0.00500              1
Psco_205                                      2        4.22200        0.00000        0.00659        0.00500              1
Psco_279                                      2        3.30300        0.00000        0.00749        0.00500              1
Psco_343                                      2        3.38200       -0.00000        0.01279        0.00500              1
Psco_351                                      2        4.04900        0.00000        0.00669        0.00500              1
Psco_486                                      2        4.93900        0.00000        0.00950        0.00500              1
Psco_118                                      2        5.44500        0.00000        0.01278        0.00500              1
Psco_182                                      2        0.34200        0.00000       -0.00437        0.00500              1
Psco_447                                      2        4.51200        0.00000        0.00788        0.00500              1
Psco_487                                      2       -0.96300        0.00000       -0.00245        0.00500              1
Psco_495                                      2        4.65700       -0.00000        0.01212        0.00500              1
Psco_895                                      2        4.63600        0.00000        0.00386        0.00500              1
Psco_903                                      2        4.96300       -0.00000        0.01279        0.00500              1
Psco_899                                      2        3.78500       -0.00000        0.00029        0.00500              1
Psco_907                                      2        7.93000       -0.00000        0.01266        0.00500              1
Psco_496                                      2        2.67300        0.00000       -0.00474        0.00500              1
Psco_552                                      2        7.16400       -0.00000        0.01082        0.00500              1
Psco_560                                      2        5.20700       -0.00000        0.01314        0.00500              1
Psco_576                                      2        7.29300        0.00000        0.00986        0.00500              1
Psco_712                                      2        2.03700        0.00000        0.00372        0.00500              1
Psco_837                                      2        3.98800       -0.00000        0.01007        0.00500              1
Psco_845                                      2        5.87800       -0.00000        0.00943        0.00500              1
Psco_861                                      2        5.54300       -0.00000        0.00702        0.00500              1
Psco_869                                      2        2.99000        0.00000        0.00127        0.00500              1
Psco_877                                      2        2.38100       -0.00000        0.00241        0.00500              1
Psco_885                                      2        5.78300       -0.00000        0.00866        0.00500              1
Psco_593                                      2        2.05800       -0.00000       -0.00236        0.00500              1
Psco_657                                      2        4.62100        0.00000        0.01230        0.00500              1
Psco_585                                      2        8.70600       -0.00000        0.01132        0.00500              1
Psco_697                                      2        3.74800       -0.00000        0.00696        0.00500              1
Psco_713                                      2        5.11400        0.00000        0.01015        0.00500              1
Psco_846                                      2        4.56100       -0.00000        0.01298        0.00500              1
Psco_854                                      2        2.70900       -0.00000        0.00496        0.00500              1
Psco_878                                      2        5.18600       -0.00000        0.00764        0.00500              1
Psco_886                                      2        1.60300       -0.00000        0.00255        0.00500              1
Psco_610                                      2       -0.41500        0.00000       -0.00680        0.00500              1
Psco_618                                      2        3.37700       -0.00000        0.01081        0.00500              1
Psco_626                                      2        4.56100       -0.00000        0.00960        0.00500              1
Psco_658                                      2        5.04200       -0.00000        0.01206        0.00500              1
Psco_666                                      2        0.63600       -0.00000       -0.00264        0.00500              1
Psco_698                                      2        1.55400       -0.00000       -0.00553        0.00500              1
Psco_815                                      2        7.33700        0.00000        0.01401        0.00500              1
Psco_823                                      2        2.21600        0.00000       -0.00087        0.00500              1
Psco_831                                      2        1.98200       -0.00000       -0.00411        0.00500              1
Psco_751                                      2        3.93700        0.00000       -0.00492        0.00500              1
Psco_767                                      2        5.94000        0.00000        0.00731        0.00500              1
Psco_887                                      2        3.49200        0.00000        0.00633        0.00500              1
Psco_595                                      2        5.60900        0.00000        0.01062        0.00500              1
Psco_619                                      2        2.78500       -0.00000        0.00988        0.00500              1
Psco_667                                      2        3.60700       -0.00000        0.00636        0.00500              1
Psco_824                                      2        4.60600       -0.00000        0.00372        0.00500              1
Psco_856                                      2        2.52000       -0.00000        0.00260        0.00500              1
Psco_864                                      2        5.89500       -0.00000        0.00958        0.00500              1
Psco_888                                      2        2.49300       -0.00000        0.00095        0.00500              1
Psco_668                                      2        6.83100       -0.00000        0.01126        0.00500              1
Psco_676                                      2        2.74000       -0.00000       -0.00264        0.00500              1
Psco_809                                      2        3.15700       -0.00000        0.00705        0.00500              1
Psco_817                                      2        3.83500        0.00000        0.00533        0.00500              1
Psco_865                                      2        7.38100        0.00000        0.00952        0.00500              1
Psco_873                                      2        5.74300       -0.00000        0.00976        0.00500              1
Psco_889                                      2        8.36200       -0.00000        0.01430        0.00500              1
Psco_597                                      2        4.32000        0.00000        0.00716        0.00500              1
Psco_669                                      2        6.56400       -0.00000        0.01340        0.00500              1
Psco_685                                      2        4.84400       -0.00000        0.01079        0.00500              1
Psco_826                                      2        1.17900       -0.00000       -0.00628        0.00500              1
Psco_842                                      2        6.73400        0.00000        0.01360        0.00500              1
Psco_770                                      2        3.14800       -0.00000       -0.00250        0.00500              1
Psco_794                                      2        3.52600        0.00000       -0.00021        0.00500              1
Psco_502                                      2        2.33000       -0.00000        0.00246        0.00500              1
Psco_518                                      2        4.85700       -0.00000        0.01113        0.00500              1
Psco_558                                      2        2.49200       -0.00000        0.00330        0.00500              1
Psco_771                                      2        6.39200        0.00000        0.01033        0.00500              1
Psco_787                                      2        5.21700        0.00000        0.00601        0.00500              1
Psco_503                                      2        2.95100        0.00000        0.00114        0.00500              1
Psco_527                                      2        8.94900        0.00000        0.01624        0.00500              1
Psco_591                                      2        1.18800       -0.00000       -0.00201        0.00500              1
Psco_852                                      2        4.62300       -0.00000        0.01148        0.00500              1
