                              Id         Gender   SelCriterion AvgCoancestryA AvgCoancestryC   Contribution  nContribution
Psco_434                                      1        7.19200        0.00000        0.02209        0.01500              3
Psco_210                                      1        6.57800        0.00000        0.01088        0.01500              3
Psco_419                                      1        6.54400       -0.00000        0.02391        0.01500              3
Psco_317                                      1        9.81600       -0.00000        0.01107        0.01500              3
Psco_141                                      1        6.75200       -0.00000        0.01024        0.01500              3
Psco_446                                      1        7.80300       -0.00000        0.02068        0.01500              3
Psco_431                                      1        5.56100       -0.00000        0.02204        0.01500              3
Psco_900                                      1        6.00600       -0.00000        0.01795        0.01500              3
Psco_789                                      1        4.80000        0.00000       -0.00216        0.01500              3
Psco_814                                      1        8.86000        0.00000        0.02203        0.01500              3
Psco_750                                      1        6.52400        0.00000        0.01984        0.01500              3
Psco_766                                      1        5.74600        0.00000        0.01183        0.01500              3
Psco_791                                      1        6.65500       -0.00000        0.01094        0.01500              3
Psco_499                                      1        7.84200       -0.00000        0.02126        0.01500              3
Psco_539                                      1        5.56500       -0.00000        0.00111        0.01500              3
Psco_555                                      1        6.15200       -0.00000        0.02153        0.01500              3
Psco_579                                      1        6.00300        0.00000        0.01449        0.01500              3
Psco_840                                      1        6.12900        0.00000        0.02300        0.01500              3
Psco_760                                      1        5.32700        0.00000        0.01472        0.01500              3
Psco_516                                      1        5.66500       -0.00000        0.01896        0.01500              3
Psco_700                                      1        5.66300       -0.00000        0.01153        0.01500              3
Psco_769                                      1        5.47800        0.00000        0.01928        0.01500              3
Psco_581                                      1        3.95500       -0.00000       -0.01379        0.01500              3
Psco_746                                      1        5.61700        0.00000        0.01159        0.01500              3
Psco_866                                      1        4.71400        0.00000        0.00108        0.01500              3
Psco_804                                      1        8.26600       -0.00000        0.02159        0.01500              3
Psco_868                                      1        5.19400        0.00000        0.01209        0.01500              3
Psco_884                                      1        6.05100       -0.00000        0.01212        0.01500              3
Psco_362                                      1        5.37000        0.00000        0.02321        0.01000              2
Psco_467                                      1        2.66700        0.00000       -0.01778        0.01000              2
Psco_906                                      1        5.46000       -0.00000        0.02233        0.01000              2
Psco_530                                      1        2.39400       -0.00000       -0.02182        0.01000              2
Psco_508                                      1        5.34400        0.00000        0.01871        0.01000              2
Psco_830                                      1        4.63900       -0.00000        0.00976        0.00500              1
Psco_562                                      1        4.14800       -0.00000       -0.00307        0.00500              1
Psco_839                                      1        5.43200       -0.00000        0.02339        0.00500              1
Psco_580                                      1        5.68800        0.00000        0.02119        0.00500              1
Psco_509                                      1        5.26100        0.00000        0.01690        0.00500              1
Psco_756                                      1        4.54600        0.00000        0.00626        0.00500              1
Psco_103                                      2        4.01900        0.00000        0.01982        0.00500              1
Psco_248                                      2        4.45000       -0.00000        0.01921        0.00500              1
Psco_433                                      2        2.90400       -0.00000        0.01880        0.00500              1
Psco_465                                      2        3.72300        0.00000        0.01273        0.00500              1
Psco_473                                      2        5.85800        0.00000        0.01669        0.00500              1
Psco_481                                      2        5.25600       -0.00000        0.02203        0.00500              1
Psco_121                                      2        7.37100       -0.00000        0.01104        0.00500              1
Psco_169                                      2        2.48100        0.00000       -0.00800        0.00500              1
Psco_307                                      2        5.12300       -0.00000        0.02257        0.00500              1
Psco_490                                      2        5.15600        0.00000        0.02027        0.00500              1
Psco_130                                      2        5.26700        0.00000        0.01896        0.00500              1
Psco_332                                      2        2.23000       -0.00000       -0.01888        0.00500              1
Psco_348                                      2        5.51400       -0.00000        0.02272        0.00500              1
Psco_243                                      2        5.36500       -0.00000        0.02273        0.00500              1
Psco_484                                      2        5.15200       -0.00000        0.01872        0.00500              1
Psco_492                                      2        5.37500       -0.00000        0.02026        0.00500              1
Psco_164                                      2        3.90000       -0.00000       -0.02184        0.00500              1
Psco_205                                      2        4.22200        0.00000        0.00866        0.00500              1
Psco_279                                      2        3.30300        0.00000        0.01432        0.00500              1
Psco_343                                      2        3.38200       -0.00000        0.02164        0.00500              1
Psco_351                                      2        4.04900        0.00000        0.01410        0.00500              1
Psco_478                                      2        1.93000        0.00000        0.00237        0.00500              1
Psco_486                                      2        4.93900        0.00000        0.01282        0.00500              1
Psco_118                                      2        5.44500        0.00000        0.02138        0.00500              1
Psco_190                                      2        3.97200        0.00000        0.02464        0.00500              1
Psco_447                                      2        4.51200        0.00000        0.01464        0.00500              1
Psco_495                                      2        4.65700       -0.00000        0.02017        0.00500              1
Psco_902                                      2        4.95300        0.00000        0.02026        0.00500              1
Psco_895                                      2        4.63600        0.00000        0.00540        0.00500              1
Psco_903                                      2        4.96300       -0.00000        0.02646        0.00500              1
Psco_899                                      2        3.78500       -0.00000        0.00409        0.00500              1
Psco_907                                      2        7.93000       -0.00000        0.02048        0.00500              1
Psco_496                                      2        2.67300        0.00000       -0.01893        0.00500              1
Psco_552                                      2        7.16400       -0.00000        0.01694        0.00500              1
Psco_560                                      2        5.20700       -0.00000        0.02160        0.00500              1
Psco_576                                      2        7.29300        0.00000        0.01250        0.00500              1
Psco_712                                      2        2.03700        0.00000        0.00857        0.00500              1
Psco_837                                      2        3.98800       -0.00000        0.01651        0.00500              1
Psco_845                                      2        5.87800       -0.00000        0.01815        0.00500              1
Psco_861                                      2        5.54300       -0.00000        0.01608        0.00500              1
Psco_869                                      2        2.99000        0.00000        0.00233        0.00500              1
Psco_877                                      2        2.38100       -0.00000        0.00164        0.00500              1
Psco_885                                      2        5.78300       -0.00000        0.01855        0.00500              1
Psco_593                                      2        2.05800       -0.00000       -0.00585        0.00500              1
Psco_657                                      2        4.62100        0.00000        0.02327        0.00500              1
Psco_585                                      2        8.70600       -0.00000        0.02050        0.00500              1
Psco_697                                      2        3.74800       -0.00000        0.01323        0.00500              1
Psco_705                                      2        2.52400       -0.00000        0.01940        0.00500              1
Psco_713                                      2        5.11400        0.00000        0.01750        0.00500              1
Psco_838                                      2        2.14800       -0.00000        0.00864        0.00500              1
Psco_846                                      2        4.56100       -0.00000        0.02365        0.00500              1
Psco_854                                      2        2.70900       -0.00000        0.01145        0.00500              1
Psco_878                                      2        5.18600       -0.00000        0.01620        0.00500              1
Psco_618                                      2        3.37700       -0.00000        0.01630        0.00500              1
Psco_626                                      2        4.56100       -0.00000        0.01414        0.00500              1
Psco_658                                      2        5.04200       -0.00000        0.01906        0.00500              1
Psco_698                                      2        1.55400       -0.00000       -0.02063        0.00500              1
Psco_815                                      2        7.33700        0.00000        0.02479        0.00500              1
Psco_823                                      2        2.21600        0.00000       -0.00109        0.00500              1
Psco_831                                      2        1.98200       -0.00000       -0.01775        0.00500              1
Psco_751                                      2        3.93700        0.00000       -0.01642        0.00500              1
Psco_767                                      2        5.94000        0.00000        0.01158        0.00500              1
Psco_879                                      2        2.38700        0.00000        0.00707        0.00500              1
Psco_887                                      2        3.49200        0.00000        0.01278        0.00500              1
Psco_595                                      2        5.60900        0.00000        0.01247        0.00500              1
Psco_619                                      2        2.78500       -0.00000        0.01741        0.00500              1
Psco_651                                      2        2.92400        0.00000        0.01238        0.00500              1
Psco_667                                      2        3.60700       -0.00000        0.01624        0.00500              1
Psco_675                                      2        2.69600       -0.00000        0.01491        0.00500              1
Psco_824                                      2        4.60600       -0.00000        0.00973        0.00500              1
Psco_856                                      2        2.52000       -0.00000        0.00567        0.00500              1
Psco_864                                      2        5.89500       -0.00000        0.01772        0.00500              1
Psco_888                                      2        2.49300       -0.00000        0.00176        0.00500              1
Psco_668                                      2        6.83100       -0.00000        0.01775        0.00500              1
Psco_676                                      2        2.74000       -0.00000       -0.00649        0.00500              1
Psco_684                                      2        4.23200       -0.00000        0.02340        0.00500              1
Psco_809                                      2        3.15700       -0.00000        0.01367        0.00500              1
Psco_817                                      2        3.83500        0.00000        0.01116        0.00500              1
Psco_841                                      2        3.09400       -0.00000        0.01576        0.00500              1
Psco_865                                      2        7.38100        0.00000        0.01197        0.00500              1
Psco_873                                      2        5.74300       -0.00000        0.01146        0.00500              1
Psco_889                                      2        8.36200       -0.00000        0.02376        0.00500              1
Psco_597                                      2        4.32000        0.00000        0.01318        0.00500              1
Psco_669                                      2        6.56400       -0.00000        0.01990        0.00500              1
Psco_685                                      2        4.84400       -0.00000        0.01409        0.00500              1
Psco_810                                      2        2.28100        0.00000       -0.00097        0.00500              1
Psco_826                                      2        1.17900       -0.00000       -0.02041        0.00500              1
Psco_842                                      2        6.73400        0.00000        0.02144        0.00500              1
Psco_770                                      2        3.14800       -0.00000       -0.01468        0.00500              1
Psco_794                                      2        3.52600        0.00000       -0.00383        0.00500              1
Psco_502                                      2        2.33000       -0.00000        0.00595        0.00500              1
Psco_518                                      2        4.85700       -0.00000        0.01716        0.00500              1
Psco_558                                      2        2.49200       -0.00000        0.00788        0.00500              1
Psco_710                                      2        2.88700       -0.00000        0.01423        0.00500              1
Psco_771                                      2        6.39200        0.00000        0.01715        0.00500              1
Psco_787                                      2        5.21700        0.00000        0.00788        0.00500              1
Psco_503                                      2        2.95100        0.00000        0.00034        0.00500              1
Psco_527                                      2        8.94900        0.00000        0.02543        0.00500              1
Psco_575                                      2        4.88000        0.00000        0.02265        0.00500              1
Psco_852                                      2        4.62300       -0.00000        0.01801        0.00500              1
