                              Id         Gender   SelCriterion AvgCoancestryA AvgCoancestryC   Contribution  nContribution
Psco_239                                      1       -4.86000       -0.00000       -0.00391        0.01000              2
Psco_467                                      1        2.66700        0.00000        0.00226        0.01000              2
Psco_317                                      1        9.81600       -0.00000        0.00234        0.01000              2
Psco_421                                      1        3.16200        0.00000       -0.00045        0.01000              2
Psco_798                                      1        5.23400        0.00000        0.00154        0.01000              2
Psco_814                                      1        8.86000        0.00000        0.00261        0.01000              2
Psco_750                                      1        6.52400        0.00000        0.00209        0.01000              2
Psco_498                                      1        2.59300       -0.00000       -0.00218        0.01000              2
Psco_791                                      1        6.65500       -0.00000        0.00244        0.01000              2
Psco_539                                      1        5.56500       -0.00000       -0.00016        0.01000              2
Psco_555                                      1        6.15200       -0.00000        0.00246        0.01000              2
Psco_776                                      1        4.66400       -0.00000        0.00242        0.01000              2
Psco_588                                      1        2.29300       -0.00000       -0.00328        0.01000              2
Psco_892                                      1        2.37000        0.00000        0.00249        0.00500              1
Psco_224                                      1       -4.13800        0.00000       -0.00084        0.00500              1
Psco_362                                      1        5.37000        0.00000        0.00415        0.00500              1
Psco_434                                      1        7.19200        0.00000        0.00208        0.00500              1
Psco_450                                      1       -2.65000       -0.00000       -0.00035        0.00500              1
Psco_419                                      1        6.54400       -0.00000        0.00433        0.00500              1
Psco_107                                      1       -3.29600        0.00000       -0.00033        0.00500              1
Psco_293                                      1        3.94700       -0.00000        0.00387        0.00500              1
Psco_341                                      1        2.34100        0.00000        0.00049        0.00500              1
Psco_373                                      1        0.65400       -0.00000       -0.00278        0.00500              1
Psco_381                                      1        1.75900       -0.00000        0.00187        0.00500              1
Psco_157                                      1       -0.25400       -0.00000        0.00081        0.00500              1
Psco_430                                      1       -1.67800       -0.00000       -0.00133        0.00500              1
Psco_206                                      1       -0.22300       -0.00000        0.00028        0.00500              1
Psco_222                                      1       -1.45100        0.00000       -0.00217        0.00500              1
Psco_280                                      1        0.54800        0.00000        0.00071        0.00500              1
Psco_431                                      1        5.56100       -0.00000        0.00269        0.00500              1
Psco_368                                      1        0.79100       -0.00000        0.00169        0.00500              1
Psco_384                                      1       -6.90400       -0.00000       -0.00209        0.00500              1
Psco_896                                      1        0.60700       -0.00000        0.00023        0.00500              1
Psco_900                                      1        6.00600       -0.00000        0.00117        0.00500              1
Psco_415                                      1       -1.31200       -0.00000       -0.00265        0.00500              1
Psco_600                                      1        4.97400       -0.00000        0.00308        0.00500              1
Psco_632                                      1        3.45400        0.00000        0.00050        0.00500              1
Psco_797                                      1        2.88700       -0.00000        0.00117        0.00500              1
Psco_829                                      1        4.51300       -0.00000        0.00214        0.00500              1
Psco_749                                      1        1.21400       -0.00000        0.00050        0.00500              1
Psco_757                                      1        4.75700       -0.00000        0.00222        0.00500              1
Psco_781                                      1        1.93400        0.00000       -0.00097        0.00500              1
Psco_553                                      1        0.13400       -0.00000        0.00198        0.00500              1
Psco_806                                      1       -1.47700       -0.00000        0.00115        0.00500              1
Psco_830                                      1        4.63900       -0.00000        0.00275        0.00500              1
Psco_766                                      1        5.74600        0.00000        0.00294        0.00500              1
Psco_506                                      1        0.20200        0.00000        0.00072        0.00500              1
Psco_514                                      1        4.42400        0.00000        0.00230        0.00500              1
Psco_530                                      1        2.39400       -0.00000        0.00094        0.00500              1
Psco_554                                      1        3.85500       -0.00000        0.00118        0.00500              1
Psco_562                                      1        4.14800       -0.00000        0.00155        0.00500              1
Psco_682                                      1        1.54200        0.00000        0.00238        0.00500              1
Psco_799                                      1        2.11700        0.00000        0.00108        0.00500              1
Psco_706                                      1        3.54700       -0.00000        0.00034        0.00500              1
Psco_783                                      1        1.26200        0.00000        0.00055        0.00500              1
Psco_547                                      1        0.42200       -0.00000        0.00157        0.00500              1
Psco_563                                      1        4.18500       -0.00000        0.00229        0.00500              1
Psco_784                                      1        2.20300        0.00000        0.00203        0.00500              1
Psco_792                                      1        1.54100        0.00000        0.00198        0.00500              1
Psco_516                                      1        5.66500       -0.00000        0.00331        0.00500              1
Psco_532                                      1        2.09400        0.00000       -0.00126        0.00500              1
Psco_580                                      1        5.68800        0.00000        0.00233        0.00500              1
Psco_745                                      1        3.06300       -0.00000        0.00265        0.00500              1
Psco_753                                      1        3.08500       -0.00000       -0.00037        0.00500              1
Psco_761                                      1        4.21100       -0.00000        0.00188        0.00500              1
Psco_769                                      1        5.47800        0.00000        0.00327        0.00500              1
Psco_785                                      1        1.07200        0.00000        0.00143        0.00500              1
Psco_565_2                                    1        1.70500       -0.00000       -0.00228        0.00500              1
Psco_581                                      1        3.95500       -0.00000       -0.00258        0.00500              1
Psco_589                                      1        4.45100        0.00000        0.00143        0.00500              1
Psco_693                                      1       -6.17400       -0.00000       -0.00378        0.00500              1
Psco_746                                      1        5.61700        0.00000        0.00164        0.00500              1
Psco_858                                      1        2.42800        0.00000        0.00115        0.00500              1
Psco_874                                      1        4.54900       -0.00000        0.00238        0.00500              1
Psco_622                                      1       -2.34200       -0.00000       -0.00080        0.00500              1
Psco_638                                      1        3.91900        0.00000        0.00109        0.00500              1
Psco_803                                      1        2.49600        0.00000        0.00281        0.00500              1
Psco_811                                      1       -0.49100       -0.00000        0.00218        0.00500              1
Psco_851                                      1        4.15000        0.00000        0.00234        0.00500              1
Psco_867                                      1        1.68800       -0.00000        0.00229        0.00500              1
Psco_607                                      1        1.41700        0.00000        0.00209        0.00500              1
Psco_655                                      1        3.16400        0.00000        0.00202        0.00500              1
Psco_804                                      1        8.26600       -0.00000        0.00344        0.00500              1
Psco_836                                      1        0.09900        0.00000        0.00096        0.00500              1
Psco_756                                      1        4.54600        0.00000        0.00074        0.00500              1
Psco_860                                      1        0.48300       -0.00000        0.00139        0.00500              1
Psco_884                                      1        6.05100       -0.00000        0.00230        0.00500              1
Psco_127                                      2        0.87900        0.00000       -0.00020        0.00500              1
Psco_143                                      2       -4.45300       -0.00000       -0.00456        0.00500              1
Psco_248                                      2        4.45000       -0.00000        0.00365        0.00500              1
Psco_256                                      2       -0.09600       -0.00000        0.00011        0.00500              1
Psco_281                                      2        0.91800       -0.00000        0.00078        0.00500              1
Psco_385                                      2       -6.76400       -0.00000       -0.00467        0.00500              1
Psco_416                                      2        0.86100        0.00000        0.00086        0.00500              1
Psco_424                                      2       -1.05000        0.00000       -0.00036        0.00500              1
Psco_472                                      2        1.17500        0.00000        0.00102        0.00500              1
Psco_112                                      2        0.14800       -0.00000        0.00047        0.00500              1
Psco_128                                      2       -3.61700       -0.00000        0.00107        0.00500              1
Psco_144                                      2       -0.68000       -0.00000        0.00125        0.00500              1
Psco_386                                      2       -3.86400        0.00000       -0.00246        0.00500              1
Psco_417                                      2        1.16800       -0.00000        0.00213        0.00500              1
Psco_465                                      2        3.72300        0.00000        0.00247        0.00500              1
Psco_473                                      2        5.85800        0.00000        0.00141        0.00500              1
Psco_121                                      2        7.37100       -0.00000        0.00188        0.00500              1
Psco_153                                      2        1.82800        0.00000       -0.00065        0.00500              1
Psco_169                                      2        2.48100        0.00000       -0.00323        0.00500              1
Psco_307                                      2        5.12300       -0.00000        0.00444        0.00500              1
Psco_482                                      2       -2.97500       -0.00000        0.00061        0.00500              1
Psco_490                                      2        5.15600        0.00000        0.00158        0.00500              1
Psco_114                                      2       -1.87500       -0.00000       -0.00154        0.00500              1
Psco_251                                      2        0.06400       -0.00000       -0.00034        0.00500              1
Psco_268                                      2       -7.14300       -0.00000       -0.00389        0.00500              1
Psco_284                                      2        0.05400       -0.00000        0.00091        0.00500              1
Psco_308                                      2       -0.42200       -0.00000       -0.00294        0.00500              1
Psco_348                                      2        5.51400       -0.00000        0.00371        0.00500              1
Psco_372                                      2       -0.86900        0.00000        0.00065        0.00500              1
Psco_412                                      2        2.42200        0.00000        0.00254        0.00500              1
Psco_484                                      2        5.15200       -0.00000        0.00332        0.00500              1
Psco_164                                      2        3.90000       -0.00000        0.00198        0.00500              1
Psco_188                                      2       -3.11900       -0.00000       -0.00115        0.00500              1
Psco_213                                      2        0.42800       -0.00000        0.00144        0.00500              1
Psco_229                                      2       -3.00300       -0.00000        0.00055        0.00500              1
Psco_279                                      2        3.30300        0.00000        0.00020        0.00500              1
Psco_343                                      2        3.38200       -0.00000        0.00329        0.00500              1
Psco_478                                      2        1.93000        0.00000        0.00015        0.00500              1
Psco_486                                      2        4.93900        0.00000        0.00238        0.00500              1
Psco_494                                      2       -1.89400       -0.00000        0.00066        0.00500              1
Psco_118                                      2        5.44500        0.00000        0.00393        0.00500              1
Psco_166                                      2       -9.33000       -0.00000       -0.00458        0.00500              1
Psco_182                                      2        0.34200        0.00000       -0.00035        0.00500              1
Psco_895                                      2        4.63600        0.00000        0.00132        0.00500              1
Psco_899                                      2        3.78500       -0.00000        0.00049        0.00500              1
Psco_907                                      2        7.93000       -0.00000        0.00339        0.00500              1
Psco_320                                      2        1.40000       -0.00000        0.00111        0.00500              1
Psco_496                                      2        2.67300        0.00000        0.00252        0.00500              1
Psco_504                                      2        1.01400       -0.00000        0.00145        0.00500              1
Psco_536                                      2        0.54100        0.00000        0.00132        0.00500              1
Psco_544                                      2       -1.65500       -0.00000        0.00037        0.00500              1
Psco_552                                      2        7.16400       -0.00000        0.00365        0.00500              1
Psco_712                                      2        2.03700        0.00000        0.00220        0.00500              1
Psco_837                                      2        3.98800       -0.00000        0.00299        0.00500              1
Psco_845                                      2        5.87800       -0.00000        0.00215        0.00500              1
Psco_853                                      2        1.38500       -0.00000        0.00330        0.00500              1
Psco_861                                      2        5.54300       -0.00000        0.00211        0.00500              1
Psco_877                                      2        2.38100       -0.00000       -0.00082        0.00500              1
Psco_885                                      2        5.78300       -0.00000        0.00175        0.00500              1
Psco_593                                      2        2.05800       -0.00000       -0.00034        0.00500              1
Psco_585                                      2        8.70600       -0.00000        0.00261        0.00500              1
Psco_713                                      2        5.11400        0.00000        0.00162        0.00500              1
Psco_838                                      2        2.14800       -0.00000        0.00165        0.00500              1
Psco_854                                      2        2.70900       -0.00000        0.00288        0.00500              1
Psco_878                                      2        5.18600       -0.00000        0.00202        0.00500              1
Psco_886                                      2        1.60300       -0.00000        0.00278        0.00500              1
Psco_610                                      2       -0.41500        0.00000        0.00054        0.00500              1
Psco_634                                      2       -0.16200        0.00000        0.00107        0.00500              1
Psco_642                                      2        1.74700       -0.00000        0.00020        0.00500              1
Psco_658                                      2        5.04200       -0.00000        0.00283        0.00500              1
Psco_666                                      2        0.63600       -0.00000        0.00078        0.00500              1
Psco_698                                      2        1.55400       -0.00000        0.00245        0.00500              1
Psco_815                                      2        7.33700        0.00000        0.00280        0.00500              1
Psco_831                                      2        1.98200       -0.00000        0.00150        0.00500              1
Psco_751                                      2        3.93700        0.00000        0.00211        0.00500              1
Psco_887                                      2        3.49200        0.00000        0.00344        0.00500              1
Psco_595                                      2        5.60900        0.00000        0.00258        0.00500              1
Psco_675                                      2        2.69600       -0.00000        0.00220        0.00500              1
Psco_808                                      2        2.32200       -0.00000        0.00224        0.00500              1
Psco_816                                      2        0.84200       -0.00000        0.00067        0.00500              1
Psco_856                                      2        2.52000       -0.00000        0.00098        0.00500              1
Psco_888                                      2        2.49300       -0.00000        0.00298        0.00500              1
Psco_604                                      2        0.20900        0.00000       -0.00080        0.00500              1
Psco_676                                      2        2.74000       -0.00000        0.00089        0.00500              1
Psco_684                                      2        4.23200       -0.00000        0.00346        0.00500              1
Psco_801                                      2        1.26400       -0.00000        0.00163        0.00500              1
Psco_817                                      2        3.83500        0.00000        0.00247        0.00500              1
Psco_841                                      2        3.09400       -0.00000        0.00213        0.00500              1
Psco_865                                      2        7.38100        0.00000        0.00251        0.00500              1
Psco_889                                      2        8.36200       -0.00000        0.00319        0.00500              1
Psco_669                                      2        6.56400       -0.00000        0.00375        0.00500              1
Psco_826                                      2        1.17900       -0.00000        0.00149        0.00500              1
Psco_842                                      2        6.73400        0.00000        0.00311        0.00500              1
Psco_770                                      2        3.14800       -0.00000        0.00251        0.00500              1
Psco_502                                      2        2.33000       -0.00000        0.00252        0.00500              1
Psco_518                                      2        4.85700       -0.00000        0.00193        0.00500              1
Psco_771                                      2        6.39200        0.00000        0.00271        0.00500              1
Psco_519                                      2        2.79300       -0.00000        0.00157        0.00500              1
Psco_527                                      2        8.94900        0.00000        0.00393        0.00500              1
Psco_796                                      2       -4.12000       -0.00000       -0.00421        0.00500              1
