        Iteration        AcceptPct        Objective        Penalties   FrontierDegree     SelCriterion  SelCriterionStd  MaxSelCriterPct       Coancestry   CoancestryRate MinCoancestryPct       Inbreeding   InbreedingRate MinInbreedingPct
                0              NaN          0.08929          0.00000         83.70935          1.31768          0.07624          6.83966          0.00827          0.00827         62.04572          0.00708          0.02871              NaN
                1         55.39568          0.89346          0.00000         40.82146          3.96244          0.79313         68.44320          0.00887          0.00887         59.12333          0.00475          0.02642              NaN
              102         19.78417          1.04390          0.00000         40.10901          4.45719          0.92723         79.96713          0.00719          0.00719         67.36008         -0.00872          0.01325              NaN
              211          9.71223          1.08424          0.00000         40.08236          4.58987          0.96320         83.05761          0.00667          0.00667         69.89730          0.00361          0.02531              NaN
              332          6.47482          1.09516          0.00000         40.01136          4.62578          0.97293         83.89416          0.00656          0.00656         70.42391          0.00341          0.02512              NaN
              446         11.15108          1.09933          0.00000         40.03140          4.63951          0.97665         84.21385          0.00650          0.00650         70.74250          0.00172          0.02347              NaN
              551         24.46043          1.10346          0.00000         40.00675          4.65308          0.98033         84.52994          0.00645          0.00645         70.94601          0.00065          0.02241              NaN
              662         57.19424          1.10596          0.00000         40.00495          4.66130          0.98256         84.72140          0.00642          0.00642         71.10218          0.00465          0.02633              NaN
              800         53.95684          1.10604          0.00000         40.00555          4.66157          0.98263         84.72769          0.00642          0.00642         71.10895          0.01681          0.03822              NaN
