                              Id         Gender   SelCriterion AvgCoancestryA AvgCoancestryC   Contribution  nContribution
Psco_257                                      1      -10.67400       -0.00000        0.00251        0.01500              3
Psco_131                                      1       -3.54900       -0.00000        0.00150        0.01500              3
Psco_975                                      1       -2.65600        0.00000        0.00363        0.01500              3
Psco_1001                                     1        2.50400       -0.00000        0.00710        0.01500              3
Psco_932                                      1        0.86200       -0.00000        0.00485        0.01500              3
Psco_624                                      1       -2.66200       -0.00000        0.00272        0.01500              3
Psco_680                                      1        2.58600       -0.00000        0.00719        0.01500              3
Psco_521                                      1       -1.54500       -0.00000        0.00460        0.01500              3
Psco_681                                      1        2.12600       -0.00000        0.00804        0.01500              3
Psco_556                                      1       -1.18000       -0.00000        0.00076        0.01500              3
Psco_501                                      1        1.37500        0.00000        0.00180        0.01500              3
Psco_615                                      1       -0.07200        0.00000        0.00036        0.01500              3
Psco_337                                      1       -4.88400        0.00000        0.00383        0.01000              2
Psco_345                                      1       -6.96300        0.00000        0.00276        0.01000              2
Psco_200                                      1       -8.85900        0.00000       -0.00173        0.01000              2
Psco_338                                      1        0.46000        0.00000        0.00090        0.01000              2
Psco_226                                      1       -6.71700        0.00000        0.00048        0.01000              2
Psco_365                                      1        1.93900       -0.00000        0.00114        0.01000              2
Psco_140                                      1       -9.97000       -0.00000        0.00240        0.01000              2
Psco_247                                      1       -3.01200       -0.00000        0.00085        0.01000              2
Psco_255                                      1        0.03000        0.00000        0.00316        0.01000              2
Psco_990                                      1        5.92200       -0.00000        0.00217        0.01000              2
Psco_958                                      1       -0.63800       -0.00000        0.00404        0.01000              2
Psco_1007                                     1       -4.43700        0.00000        0.00338        0.01000              2
Psco_1017                                     1        4.06200       -0.00000        0.00301        0.01000              2
Psco_914                                      1        2.32100        0.00000        0.00409        0.01000              2
Psco_938                                      1       -0.24800       -0.00000        0.00209        0.01000              2
Psco_656                                      1        0.93400       -0.00000        0.00819        0.01000              2
Psco_505                                      1        3.82100       -0.00000        0.00695        0.01000              2
Psco_561                                      1        4.90000        0.00000        0.00265        0.01000              2
Psco_587                                      1        1.77700       -0.00000        0.00448        0.01000              2
Psco_564                                      1        3.85100        0.00000        0.00070        0.01000              2
Psco_557                                      1        1.55800       -0.00000        0.00758        0.01000              2
Psco_725_2                                    1       -2.08700       -0.00000        0.00535        0.01000              2
Psco_662                                      1       -0.64400       -0.00000        0.00318        0.01000              2
Psco_207                                      1       -5.74300       -0.00000        0.00102        0.00500              1
Psco_215                                      1      -10.20000       -0.00000        0.00013        0.00500              1
Psco_175                                      1      -11.98700       -0.00000        0.00282        0.00500              1
Psco_183                                      1        0.11600        0.00000        0.00163        0.00500              1
Psco_329                                      1      -11.98500        0.00000       -0.00254        0.00500              1
Psco_290                                      1       -7.25600       -0.00000        0.00098        0.00500              1
Psco_194                                      1      -10.10000        0.00000       -0.00027        0.00500              1
Psco_459                                      1        1.14600        0.00000        0.00061        0.00500              1
Psco_278                                      1       -4.47500        0.00000        0.00180        0.00500              1
Psco_429                                      1        1.48700       -0.00000        0.00414        0.00500              1
Psco_149                                      1       -7.96100        0.00000       -0.00116        0.00500              1
Psco_295                                      1       -1.43500        0.00000       -0.00277        0.00500              1
Psco_986                                      1       -5.35000       -0.00000        0.00102        0.00500              1
Psco_1043                                     1       -0.84000        0.00000        0.00530        0.00500              1
Psco_940                                      1        0.97600       -0.00000        0.00068        0.00500              1
Psco_648                                      1       -0.66100        0.00000        0.00201        0.00500              1
Psco_507                                      1        1.94800       -0.00000        0.00710        0.00500              1
Psco_717                                      1       -1.63900        0.00000       -0.00053        0.00500              1
Psco_135                                      2       -0.90000        0.00000        0.00166        0.00500              1
Psco_273                                      2       -8.28800        0.00000       -0.00210        0.00500              1
Psco_440                                      2       -3.49400        0.00000        0.00511        0.00500              1
Psco_448                                      2        2.80400       -0.00000        0.00287        0.00500              1
Psco_456                                      2       -3.57000        0.00000        0.00240        0.00500              1
Psco_488                                      2        1.60800        0.00000        0.00062        0.00500              1
Psco_104                                      2       -5.79600       -0.00000       -0.00006        0.00500              1
Psco_120                                      2       -5.31700       -0.00000        0.00373        0.00500              1
Psco_136                                      2       -4.34400        0.00000        0.00197        0.00500              1
Psco_249                                      2       -0.52600        0.00000        0.00018        0.00500              1
Psco_394                                      2       -4.46400       -0.00000        0.00153        0.00500              1
Psco_449                                      2       -5.06700        0.00000        0.00225        0.00500              1
Psco_489                                      2        1.01900        0.00000        0.00135        0.00500              1
Psco_113                                      2       -3.88400        0.00000        0.00262        0.00500              1
Psco_137                                      2       -6.86600        0.00000        0.00135        0.00500              1
Psco_161                                      2       -1.29600        0.00000        0.00185        0.00500              1
Psco_185                                      2       -9.72800       -0.00000        0.00181        0.00500              1
Psco_323                                      2       -1.14000        0.00000        0.00189        0.00500              1
Psco_339                                      2      -10.77600        0.00000       -0.00126        0.00500              1
Psco_347                                      2       -6.26000       -0.00000        0.00090        0.00500              1
Psco_466                                      2        2.21100       -0.00000        0.00457        0.00500              1
Psco_474                                      2       -1.96500        0.00000        0.00286        0.00500              1
Psco_138                                      2       -3.52200        0.00000        0.00376        0.00500              1
Psco_146                                      2       -2.94500        0.00000        0.00300        0.00500              1
Psco_356                                      2        2.48700       -0.00000        0.00103        0.00500              1
Psco_364                                      2       -1.32400        0.00000       -0.00106        0.00500              1
Psco_227                                      2        0.50100        0.00000       -0.00003        0.00500              1
Psco_285                                      2       -0.91900       -0.00000        0.00322        0.00500              1
Psco_436                                      2       -0.06500        0.00000        0.00385        0.00500              1
Psco_468                                      2       -0.61200        0.00000        0.00318        0.00500              1
Psco_156                                      2       -4.59500        0.00000       -0.00290        0.00500              1
Psco_318                                      2       -7.14600        0.00000        0.00215        0.00500              1
Psco_342                                      2       -5.55100        0.00000        0.00274        0.00500              1
Psco_358                                      2      -10.75900        0.00000       -0.00219        0.00500              1
Psco_374                                      2      -10.40600       -0.00000        0.00244        0.00500              1
Psco_382                                      2       -9.33600       -0.00000        0.00111        0.00500              1
Psco_197                                      2      -10.69400       -0.00000        0.00210        0.00500              1
Psco_254                                      2        2.56100       -0.00000        0.00206        0.00500              1
Psco_287                                      2       -9.38700        0.00000       -0.00250        0.00500              1
Psco_126                                      2       -8.04300        0.00000        0.00322        0.00500              1
Psco_304                                      2       -0.07300       -0.00000        0.00378        0.00500              1
Psco_423                                      2        1.33500        0.00000        0.00507        0.00500              1
Psco_463                                      2        5.19400        0.00000        0.00257        0.00500              1
Psco_910                                      2        0.48800       -0.00000       -0.00419        0.00500              1
Psco_1038                                     2        0.25500        0.00000        0.00410        0.00500              1
Psco_1054                                     2        0.04400        0.00000       -0.00078        0.00500              1
Psco_911                                      2        2.62300        0.00000        0.00150        0.00500              1
Psco_927                                      2        5.03400        0.00000       -0.00047        0.00500              1
Psco_983                                      2        1.65100        0.00000        0.00457        0.00500              1
Psco_1000                                     2       -1.97700       -0.00000        0.00110        0.00500              1
Psco_1008                                     2       -1.45000        0.00000        0.00028        0.00500              1
Psco_1016                                     2        2.14700        0.00000       -0.00120        0.00500              1
Psco_1032                                     2        5.90000        0.00000        0.00084        0.00500              1
Psco_1040                                     2        5.80100       -0.00000        0.00677        0.00500              1
Psco_1056                                     2       -1.40400        0.00000        0.00044        0.00500              1
Psco_976                                      2        1.48300       -0.00000        0.00152        0.00500              1
Psco_913                                      2        4.47700        0.00000        0.00071        0.00500              1
Psco_937                                      2        3.97500        0.00000        0.00299        0.00500              1
Psco_945                                      2        3.06300        0.00000        0.00457        0.00500              1
Psco_953                                      2        1.12000        0.00000       -0.00018        0.00500              1
Psco_985                                      2       -0.99900        0.00000       -0.00147        0.00500              1
Psco_994                                      2        2.89400       -0.00000        0.00060        0.00500              1
Psco_1010                                     2        0.24200        0.00000        0.00429        0.00500              1
Psco_1018                                     2       -2.74700        0.00000       -0.00239        0.00500              1
Psco_1034                                     2        1.18400        0.00000       -0.00286        0.00500              1
Psco_1050                                     2        1.52300       -0.00000        0.00429        0.00500              1
Psco_1058                                     2       -0.90400        0.00000       -0.00320        0.00500              1
Psco_978                                      2        0.92200        0.00000       -0.00025        0.00500              1
Psco_947                                      2        2.56700       -0.00000        0.00507        0.00500              1
Psco_971                                      2        1.61300       -0.00000        0.00487        0.00500              1
Psco_987                                      2        5.86800        0.00000        0.00013        0.00500              1
Psco_996                                      2       -0.95800        0.00000        0.00147        0.00500              1
Psco_1004                                     2        2.96500       -0.00000        0.00514        0.00500              1
Psco_1036                                     2       -0.70300       -0.00000        0.00436        0.00500              1
Psco_980                                      2        2.52700        0.00000        0.00025        0.00500              1
Psco_1005                                     2        0.36400        0.00000       -0.00327        0.00500              1
Psco_1037                                     2        4.55300       -0.00000        0.00663        0.00500              1
Psco_1053                                     2        5.95500        0.00000       -0.00200        0.00500              1
Psco_528                                      2       -2.31300       -0.00000        0.00367        0.00500              1
Psco_601                                      2       -1.41800        0.00000       -0.00090        0.00500              1
Psco_641                                      2        0.84900        0.00000        0.00066        0.00500              1
Psco_721                                      2       -2.80000        0.00000       -0.00018        0.00500              1
Psco_611                                      2       -1.59800       -0.00000       -0.00116        0.00500              1
Psco_635                                      2        2.04700        0.00000        0.00502        0.00500              1
Psco_596                                      2        2.49100       -0.00000        0.00228        0.00500              1
Psco_620                                      2       -1.52600        0.00000        0.00245        0.00500              1
Psco_636                                      2       -0.06300       -0.00000        0.00329        0.00500              1
Psco_660                                      2       -4.32100        0.00000        0.00341        0.00500              1
Psco_621                                      2        0.97200       -0.00000        0.00225        0.00500              1
Psco_653                                      2        0.04900        0.00000        0.00283        0.00500              1
Psco_510                                      2        5.29700       -0.00000        0.00219        0.00500              1
Psco_566                                      2        1.27700        0.00000        0.00058        0.00500              1
Psco_582                                      2       -1.01800       -0.00000        0.00473        0.00500              1
Psco_590                                      2        0.79000       -0.00000        0.00355        0.00500              1
Psco_726                                      2       -3.89400       -0.00000        0.00477        0.00500              1
Psco_511                                      2       -1.61100        0.00000        0.00338        0.00500              1
Psco_583                                      2        3.42800        0.00000       -0.00193        0.00500              1
Psco_695                                      2        1.68200        0.00000        0.00256        0.00500              1
Psco_711                                      2       -1.50100        0.00000        0.00247        0.00500              1
Psco_727                                      2        0.40100        0.00000       -0.00137        0.00500              1
