                              Id         Gender   SelCriterion AvgCoancestryA AvgCoancestryC   Contribution  nContribution
Psco_1033                                     1        5.30900        0.00000        0.00039        0.01500              3
Psco_814                                      1        8.86000        0.00000        0.00513        0.01500              3
Psco_317                                      1        9.81600        0.00000        0.00470        0.01000              2
Psco_212                                      1       -0.68000        0.00000       -0.00034        0.01000              2
Psco_141                                      1        6.75200        0.00000        0.00293        0.01000              2
Psco_990                                      1        5.92200        0.00000        0.00352        0.01000              2
Psco_928                                      1        6.00100        0.00000        0.00177        0.01000              2
Psco_960                                      1       -0.13200        0.00000       -0.00205        0.01000              2
Psco_1057                                     1        0.81400        0.00000        0.00041        0.01000              2
Psco_962                                      1        5.93800        0.00000        0.00372        0.01000              2
Psco_948                                      1        5.28400        0.00000        0.00299        0.01000              2
Psco_997                                      1        4.23600        0.00000        0.00195        0.01000              2
Psco_664                                      1        5.54800        0.00000       -0.00023        0.01000              2
Psco_781                                      1        1.93400        0.00000       -0.00094        0.01000              2
Psco_577                                      1        2.10000        0.00000        0.00082        0.01000              2
Psco_498                                      1        2.59300        0.00000        0.00129        0.01000              2
Psco_791                                      1        6.65500        0.00000        0.00340        0.01000              2
Psco_760                                      1        5.32700        0.00000        0.00386        0.01000              2
Psco_784                                      1        2.20300       -0.00000        0.00093        0.01000              2
Psco_769                                      1        5.47800        0.00000        0.00301        0.01000              2
Psco_581                                      1        3.95500        0.00000        0.00165        0.01000              2
Psco_836                                      1        0.09900        0.00000       -0.00124        0.01000              2
Psco_884                                      1        6.05100        0.00000        0.00123        0.01000              2
Psco_223                                      1       -2.26100        0.00000       -0.00245        0.00500              1
Psco_183                                      1        0.11600        0.00000       -0.00111        0.00500              1
Psco_377                                      1        3.03000        0.00000        0.00211        0.00500              1
Psco_330                                      1        1.40100        0.00000       -0.00100        0.00500              1
Psco_419                                      1        6.54400       -0.00000        0.00647        0.00500              1
Psco_163                                      1       -5.98100        0.00000       -0.00327        0.00500              1
Psco_179                                      1       -0.25800        0.00000        0.00142        0.00500              1
Psco_357                                      1       -1.53800        0.00000        0.00066        0.00500              1
Psco_373                                      1        0.65400        0.00000        0.00140        0.00500              1
Psco_381                                      1        1.75900       -0.00000        0.00337        0.00500              1
Psco_461                                      1        0.01400        0.00000        0.00152        0.00500              1
Psco_446                                      1        7.80300        0.00000        0.00488        0.00500              1
Psco_950                                      1        4.21600        0.00000        0.00085        0.00500              1
Psco_984                                      1        1.01700        0.00000       -0.00026        0.00500              1
Psco_1017                                     1        4.06200       -0.00000        0.00246        0.00500              1
Psco_938                                      1       -0.24800        0.00000        0.00071        0.00500              1
Psco_954                                      1        4.80900        0.00000        0.00432        0.00500              1
Psco_986                                      1       -5.35000        0.00000       -0.00273        0.00500              1
Psco_1027                                     1        3.11400        0.00000        0.00050        0.00500              1
Psco_900                                      1        6.00600        0.00000        0.00435        0.00500              1
Psco_988                                      1       -0.33800        0.00000        0.00083        0.00500              1
Psco_965                                      1        7.22800        0.00000        0.00493        0.00500              1
Psco_608                                      1        2.38600       -0.00000       -0.00002        0.00500              1
Psco_797                                      1        2.88700        0.00000        0.00131        0.00500              1
Psco_829                                      1        4.51300        0.00000        0.00518        0.00500              1
Psco_789                                      1        4.80000        0.00000        0.00336        0.00500              1
Psco_497                                      1        1.78900       -0.00000       -0.00049        0.00500              1
Psco_806                                      1       -1.47700        0.00000        0.00086        0.00500              1
Psco_822                                      1       -0.51400        0.00000       -0.00122        0.00500              1
Psco_830                                      1        4.63900        0.00000        0.00273        0.00500              1
Psco_782                                      1       -0.12000        0.00000       -0.00015        0.00500              1
Psco_522                                      1        3.27800        0.00000        0.00222        0.00500              1
Psco_554                                      1        3.85500       -0.00000        0.00493        0.00500              1
Psco_562                                      1        4.14800        0.00000        0.00277        0.00500              1
Psco_499                                      1        7.84200        0.00000        0.00477        0.00500              1
Psco_547                                      1        0.42200       -0.00000        0.00293        0.00500              1
Psco_555                                      1        6.15200        0.00000        0.00570        0.00500              1
Psco_579                                      1        6.00300        0.00000        0.00504        0.00500              1
Psco_840                                      1        6.12900        0.00000        0.00411        0.00500              1
Psco_500                                      1        4.80700       -0.00000        0.00364        0.00500              1
Psco_745                                      1        3.06300        0.00000        0.00163        0.00500              1
Psco_753                                      1        3.08500        0.00000        0.00149        0.00500              1
Psco_501                                      1        1.37500        0.00000        0.00164        0.00500              1
Psco_541                                      1        4.13700        0.00000        0.00513        0.00500              1
Psco_589                                      1        4.45100        0.00000        0.00499        0.00500              1
Psco_754                                      1        4.22900        0.00000        0.00273        0.00500              1
Psco_811                                      1       -0.49100        0.00000       -0.00004        0.00500              1
Psco_827                                      1        1.87600        0.00000        0.00220        0.00500              1
Psco_867                                      1        1.68800       -0.00000        0.00297        0.00500              1
Psco_891                                      1        1.91400        0.00000        0.00175        0.00500              1
Psco_804                                      1        8.26600        0.00000        0.00597        0.00500              1
Psco_868                                      1        5.19400        0.00000        0.00522        0.00500              1
Psco_1018                                     2       -2.74700        0.00000        0.00036        0.00500              1
Psco_127                                      2        0.87900        0.00000        0.00112        0.00500              1
Psco_135                                      2       -0.90000        0.00000        0.00051        0.00500              1
Psco_143                                      2       -4.45300       -0.00000       -0.00291        0.00500              1
Psco_248                                      2        4.45000        0.00000        0.00513        0.00500              1
Psco_256                                      2       -0.09600        0.00000        0.00208        0.00500              1
Psco_273                                      2       -8.28800        0.00000       -0.00205        0.00500              1
Psco_416                                      2        0.86100        0.00000        0.00118        0.00500              1
Psco_424                                      2       -1.05000        0.00000        0.00024        0.00500              1
Psco_440                                      2       -3.49400        0.00000       -0.00124        0.00500              1
Psco_448                                      2        2.80400        0.00000        0.00142        0.00500              1
Psco_456                                      2       -3.57000        0.00000       -0.00153        0.00500              1
Psco_112                                      2        0.14800        0.00000        0.00169        0.00500              1
Psco_249                                      2       -0.52600        0.00000        0.00019        0.00500              1
Psco_417                                      2        1.16800        0.00000        0.00224        0.00500              1
Psco_425                                      2       -0.16300       -0.00000        0.00041        0.00500              1
Psco_465                                      2        3.72300        0.00000        0.00538        0.00500              1
Psco_473                                      2        5.85800        0.00000        0.00539        0.00500              1
Psco_481                                      2        5.25600        0.00000        0.00510        0.00500              1
Psco_489                                      2        1.01900        0.00000        0.00102        0.00500              1
Psco_121                                      2        7.37100        0.00000        0.00301        0.00500              1
Psco_169                                      2        2.48100        0.00000        0.00133        0.00500              1
Psco_307                                      2        5.12300       -0.00000        0.00648        0.00500              1
Psco_315                                      2        1.89800        0.00000        0.00057        0.00500              1
Psco_323                                      2       -1.14000        0.00000        0.00037        0.00500              1
Psco_490                                      2        5.15600        0.00000        0.00520        0.00500              1
Psco_130                                      2        5.26700        0.00000        0.00544        0.00500              1
Psco_251                                      2        0.06400        0.00000        0.00147        0.00500              1
Psco_332                                      2        2.23000       -0.00000        0.00400        0.00500              1
Psco_348                                      2        5.51400       -0.00000        0.00657        0.00500              1
Psco_227                                      2        0.50100        0.00000        0.00233        0.00500              1
Psco_243                                      2        5.36500        0.00000        0.00605        0.00500              1
Psco_436                                      2       -0.06500        0.00000        0.00132        0.00500              1
Psco_484                                      2        5.15200        0.00000        0.00438        0.00500              1
Psco_492                                      2        5.37500        0.00000        0.00627        0.00500              1
Psco_164                                      2        3.90000       -0.00000        0.00374        0.00500              1
Psco_180                                      2       -2.15200        0.00000       -0.00168        0.00500              1
Psco_213                                      2        0.42800       -0.00000        0.00356        0.00500              1
Psco_351                                      2        4.04900        0.00000        0.00365        0.00500              1
Psco_486                                      2        4.93900        0.00000        0.00519        0.00500              1
Psco_182                                      2        0.34200        0.00000        0.00046        0.00500              1
Psco_190                                      2        3.97200        0.00000        0.00557        0.00500              1
Psco_447                                      2        4.51200        0.00000        0.00379        0.00500              1
Psco_463                                      2        5.19400        0.00000        0.00229        0.00500              1
Psco_910                                      2        0.48800        0.00000       -0.00061        0.00500              1
Psco_926                                      2        0.04000        0.00000        0.00114        0.00500              1
Psco_1038                                     2        0.25500        0.00000        0.00138        0.00500              1
Psco_974                                      2        3.58100        0.00000        0.00139        0.00500              1
Psco_927                                      2        5.03400        0.00000        0.00379        0.00500              1
Psco_935                                      2        4.33600        0.00000        0.00222        0.00500              1
Psco_943                                      2        6.96500        0.00000        0.00593        0.00500              1
Psco_983                                      2        1.65100        0.00000        0.00204        0.00500              1
Psco_1008                                     2       -1.45000        0.00000       -0.00150        0.00500              1
Psco_976                                      2        1.48300        0.00000        0.00162        0.00500              1
Psco_913                                      2        4.47700        0.00000        0.00390        0.00500              1
Psco_937                                      2        3.97500       -0.00000        0.00161        0.00500              1
Psco_945                                      2        3.06300        0.00000        0.00253        0.00500              1
Psco_994                                      2        2.89400       -0.00000        0.00287        0.00500              1
Psco_1010                                     2        0.24200        0.00000        0.00067        0.00500              1
Psco_1026                                     2        0.62500        0.00000        0.00109        0.00500              1
Psco_1034                                     2        1.18400        0.00000        0.00223        0.00500              1
Psco_899                                      2        3.78500        0.00000        0.00223        0.00500              1
Psco_907                                      2        7.93000        0.00000        0.00608        0.00500              1
Psco_915                                      2        5.66200        0.00000        0.00604        0.00500              1
Psco_931                                      2        5.69200        0.00000        0.00566        0.00500              1
Psco_987                                      2        5.86800        0.00000        0.00294        0.00500              1
Psco_1028                                     2        6.42500        0.00000        0.00364        0.00500              1
Psco_1044                                     2        3.45200       -0.00000        0.00345        0.00500              1
Psco_980                                      2        2.52700        0.00000        0.00183        0.00500              1
Psco_1021                                     2        5.56700        0.00000        0.00317        0.00500              1
Psco_1037                                     2        4.55300        0.00000        0.00288        0.00500              1
Psco_973                                      2        3.47900        0.00000        0.00248        0.00500              1
Psco_496                                      2        2.67300       -0.00000        0.00429        0.00500              1
Psco_552                                      2        7.16400        0.00000        0.00564        0.00500              1
Psco_576                                      2        7.29300        0.00000        0.00536        0.00500              1
Psco_845                                      2        5.87800        0.00000        0.00497        0.00500              1
Psco_877                                      2        2.38100       -0.00000        0.00162        0.00500              1
Psco_885                                      2        5.78300       -0.00000        0.00409        0.00500              1
Psco_641                                      2        0.84900        0.00000       -0.00077        0.00500              1
Psco_585                                      2        8.70600        0.00000        0.00489        0.00500              1
Psco_697                                      2        3.74800        0.00000        0.00398        0.00500              1
Psco_713                                      2        5.11400        0.00000        0.00497        0.00500              1
Psco_854                                      2        2.70900        0.00000        0.00046        0.00500              1
Psco_634                                      2       -0.16200        0.00000       -0.00048        0.00500              1
Psco_751                                      2        3.93700        0.00000        0.00159        0.00500              1
Psco_667                                      2        3.60700        0.00000        0.00223        0.00500              1
Psco_888                                      2        2.49300        0.00000        0.00208        0.00500              1
Psco_596                                      2        2.49100        0.00000        0.00159        0.00500              1
Psco_809                                      2        3.15700        0.00000        0.00291        0.00500              1
Psco_865                                      2        7.38100        0.00000        0.00241        0.00500              1
Psco_597                                      2        4.32000        0.00000        0.00460        0.00500              1
Psco_850                                      2        0.99000        0.00000       -0.00020        0.00500              1
Psco_770                                      2        3.14800       -0.00000        0.00123        0.00500              1
Psco_502                                      2        2.33000       -0.00000        0.00198        0.00500              1
Psco_510                                      2        5.29700       -0.00000        0.00298        0.00500              1
Psco_566                                      2        1.27700        0.00000        0.00191        0.00500              1
Psco_771                                      2        6.39200        0.00000        0.00485        0.00500              1
Psco_503                                      2        2.95100        0.00000        0.00228        0.00500              1
Psco_727                                      2        0.40100        0.00000       -0.00058        0.00500              1
Psco_780                                      2        0.75900        0.00000        0.00041        0.00500              1
