                              Id         Gender   SelCriterion AvgCoancestryA AvgCoancestryC   Contribution  nContribution
Psco_352                                      1       -6.53000        0.00000       -0.00045        0.01000              2
Psco_337                                      1       -4.88400        0.00000        0.00103        0.00500              1
Psco_345                                      1       -6.96300       -0.00000        0.00086        0.00500              1
Psco_353                                      1       -4.21300        0.00000        0.00066        0.00500              1
Psco_200                                      1       -8.85900        0.00000        0.00096        0.00500              1
Psco_216                                      1        2.46000        0.00000        0.00045        0.00500              1
Psco_224                                      1       -4.13800       -0.00000        0.00230        0.00500              1
Psco_290                                      1       -7.25600        0.00000        0.00019        0.00500              1
Psco_322                                      1       -0.00900        0.00000        0.00043        0.00500              1
Psco_346                                      1       -0.49100        0.00000        0.00046        0.00500              1
Psco_362                                      1        5.37000        0.00000        0.00019        0.00500              1
Psco_217                                      1       -4.31100        0.00000        0.00093        0.00500              1
Psco_426                                      1        0.21100        0.00000        0.00132        0.00500              1
Psco_434                                      1        7.19200        0.00000        0.00054        0.00500              1
Psco_458                                      1       -2.00900        0.00000        0.00120        0.00500              1
Psco_371                                      1       -7.51000       -0.00000        0.00066        0.00500              1
Psco_419                                      1        6.54400       -0.00000        0.00074        0.00500              1
Psco_427                                      1       -0.94800        0.00000        0.00098        0.00500              1
Psco_459                                      1        1.14600        0.00000       -0.00014        0.00500              1
Psco_187                                      1       -2.52000        0.00000        0.00115        0.00500              1
Psco_357                                      1       -1.53800        0.00000        0.00108        0.00500              1
Psco_373                                      1        0.65400        0.00000        0.00182        0.00500              1
Psco_429                                      1        1.48700        0.00000        0.00012        0.00500              1
Psco_437                                      1        0.33000        0.00000        0.00054        0.00500              1
Psco_485                                      1        3.21200        0.00000        0.00100        0.00500              1
Psco_493                                      1        2.30000        0.00000        0.00043        0.00500              1
Psco_125                                      1       -4.35800        0.00000        0.00018        0.00500              1
Psco_173                                      1       -5.67100        0.00000        0.00017        0.00500              1
Psco_198                                      1       -7.59400        0.00000        0.00067        0.00500              1
Psco_206                                      1       -0.22300        0.00000        0.00043        0.00500              1
Psco_214                                      1       -2.74400        0.00000        0.00011        0.00500              1
Psco_230                                      1       -6.78600        0.00000       -0.00018        0.00500              1
Psco_392                                      1       -2.02800        0.00000        0.00186        0.00500              1
Psco_431                                      1        5.56100        0.00000        0.00072        0.00500              1
Psco_439                                      1        0.88400        0.00000       -0.00007        0.00500              1
Psco_360                                      1       -3.81200       -0.00000        0.00154        0.00500              1
Psco_998                                      1        2.38900        0.00000        0.00195        0.00500              1
Psco_1006                                     1        7.04800        0.00000        0.00131        0.00500              1
Psco_991                                      1        1.77000        0.00000        0.00229        0.00500              1
Psco_1023                                     1       -0.19300        0.00000        0.00189        0.00500              1
Psco_1055                                     1       -2.58500        0.00000        0.00179        0.00500              1
Psco_896                                      1        0.60700        0.00000        0.00069        0.00500              1
Psco_1025                                     1       -2.06700        0.00000        0.00144        0.00500              1
Psco_1057                                     1        0.81400        0.00000        0.00186        0.00500              1
Psco_914                                      1        2.32100        0.00000        0.00180        0.00500              1
Psco_930                                      1        2.77300        0.00000        0.00062        0.00500              1
Psco_962                                      1        5.93800        0.00000        0.00072        0.00500              1
Psco_1011                                     1        2.98200        0.00000       -0.00032        0.00500              1
Psco_1019                                     1       -4.68300        0.00000       -0.00021        0.00500              1
Psco_1043                                     1       -0.84000        0.00000        0.00188        0.00500              1
Psco_900                                      1        6.00600        0.00000        0.00129        0.00500              1
Psco_988                                      1       -0.33800        0.00000        0.00011        0.00500              1
Psco_933                                      1        1.85400        0.00000        0.00143        0.00500              1
Psco_941                                      1       -1.91900        0.00000        0.00018        0.00500              1
Psco_949                                      1       -3.43000        0.00000       -0.00077        0.00500              1
Psco_291                                      1       -9.93600        0.00000        0.00116        0.00500              1
Psco_521                                      1       -1.54500        0.00000        0.00006        0.00500              1
Psco_553                                      1        0.13400       -0.00000        0.00045        0.00500              1
Psco_569                                      1        1.51400        0.00000        0.00060        0.00500              1
Psco_681                                      1        2.12600        0.00000        0.00031        0.00500              1
Psco_798                                      1        5.23400        0.00000        0.00116        0.00500              1
Psco_766                                      1        5.74600        0.00000        0.00258        0.00500              1
Psco_538                                      1       -0.44400        0.00000        0.00069        0.00500              1
Psco_546                                      1        5.16000        0.00000        0.00013        0.00500              1
Psco_562                                      1        4.14800        0.00000        0.00122        0.00500              1
Psco_799                                      1        2.11700        0.00000       -0.00058        0.00500              1
Psco_706                                      1        3.54700        0.00000        0.00187        0.00500              1
Psco_523                                      1        2.66700        0.00000        0.00064        0.00500              1
Psco_531                                      1        2.65800        0.00000        0.00118        0.00500              1
Psco_547                                      1        0.42200       -0.00000        0.00055        0.00500              1
Psco_555                                      1        6.15200        0.00000        0.00014        0.00500              1
Psco_579                                      1        6.00300        0.00000        0.00215        0.00500              1
Psco_691                                      1       -1.32700        0.00000        0.00228        0.00500              1
Psco_699                                      1        4.37300        0.00000        0.00055        0.00500              1
Psco_707                                      1        1.73000        0.00000        0.00040        0.00500              1
Psco_715                                      1       -1.06300        0.00000        0.00032        0.00500              1
Psco_840                                      1        6.12900        0.00000        0.00088        0.00500              1
Psco_768                                      1        1.73900        0.00000        0.00031        0.00500              1
Psco_716                                      1       -3.58900        0.00000        0.00149        0.00500              1
Psco_761                                      1        4.21100        0.00000        0.00034        0.00500              1
Psco_769                                      1        5.47800        0.00000        0.00039        0.00500              1
Psco_533                                      1        1.94800        0.00000        0.00135        0.00500              1
Psco_549                                      1       -3.40700        0.00000        0.00047        0.00500              1
Psco_589                                      1        4.45100        0.00000        0.00071        0.00500              1
Psco_858                                      1        2.42800        0.00000        0.00069        0.00500              1
Psco_866                                      1        4.71400        0.00000        0.00081        0.00500              1
Psco_882                                      1        4.67200        0.00000        0.00133        0.00500              1
Psco_678                                      1       -1.55300       -0.00000        0.00062        0.00500              1
Psco_819                                      1       -0.28600        0.00000       -0.00036        0.00500              1
Psco_835                                      1       -9.93400        0.00000       -0.00197        0.00500              1
Psco_843                                      1        0.56400        0.00000        0.00083        0.00500              1
Psco_875                                      1        0.90600        0.00000        0.00140        0.00500              1
Psco_891                                      1        1.91400        0.00000        0.00073        0.00500              1
Psco_607                                      1        1.41700        0.00000        0.00207        0.00500              1
Psco_615                                      1       -0.07200        0.00000        0.00104        0.00500              1
Psco_639                                      1        1.52300        0.00000        0.00176        0.00500              1
Psco_820                                      1       -0.04700        0.00000        0.00047        0.00500              1
Psco_836                                      1        0.09900        0.00000       -0.00033        0.00500              1
Psco_884                                      1        6.05100        0.00000        0.00195        0.00500              1
Psco_1018                                     2       -2.74700        0.00000        0.00003        0.00500              1
Psco_119                                      2       -4.41100        0.00000        0.00162        0.00500              1
Psco_127                                      2        0.87900        0.00000        0.00193        0.00500              1
Psco_135                                      2       -0.90000        0.00000        0.00192        0.00500              1
Psco_143                                      2       -4.45300       -0.00000       -0.00072        0.00500              1
Psco_248                                      2        4.45000        0.00000        0.00010        0.00500              1
Psco_256                                      2       -0.09600        0.00000       -0.00002        0.00500              1
Psco_265                                      2       -1.01900        0.00000        0.00048        0.00500              1
Psco_273                                      2       -8.28800        0.00000       -0.00025        0.00500              1
Psco_440                                      2       -3.49400        0.00000        0.00032        0.00500              1
Psco_448                                      2        2.80400        0.00000        0.00046        0.00500              1
Psco_472                                      2        1.17500        0.00000        0.00168        0.00500              1
Psco_128                                      2       -3.61700        0.00000        0.00073        0.00500              1
Psco_249                                      2       -0.52600        0.00000        0.00182        0.00500              1
Psco_282                                      2      -10.51800        0.00000        0.00043        0.00500              1
Psco_449                                      2       -5.06700        0.00000        0.00166        0.00500              1
Psco_473                                      2        5.85800        0.00000        0.00072        0.00500              1
Psco_113                                      2       -3.88400        0.00000        0.00080        0.00500              1
Psco_121                                      2        7.37100        0.00000        0.00084        0.00500              1
Psco_185                                      2       -9.72800        0.00000        0.00044        0.00500              1
Psco_331                                      2       -4.06200        0.00000        0.00177        0.00500              1
Psco_339                                      2      -10.77600        0.00000        0.00054        0.00500              1
Psco_106                                      2       -0.60000        0.00000        0.00081        0.00500              1
Psco_122                                      2       -2.92100        0.00000        0.00162        0.00500              1
Psco_251                                      2        0.06400        0.00000        0.00141        0.00500              1
Psco_268                                      2       -7.14300        0.00000       -0.00042        0.00500              1
Psco_284                                      2        0.05400        0.00000        0.00178        0.00500              1
Psco_227                                      2        0.50100        0.00000        0.00082        0.00500              1
Psco_444                                      2       -1.95900        0.00000        0.00047        0.00500              1
Psco_108                                      2       -1.20800        0.00000        0.00078        0.00500              1
Psco_236                                      2       -3.26000        0.00000        0.00070        0.00500              1
Psco_156                                      2       -4.59500        0.00000        0.00027        0.00500              1
Psco_294                                      2       -3.46800        0.00000       -0.00006        0.00500              1
Psco_310                                      2       -6.22300        0.00000        0.00166        0.00500              1
Psco_318                                      2       -7.14600        0.00000        0.00054        0.00500              1
Psco_366                                      2       -3.61600        0.00000        0.00027        0.00500              1
Psco_374                                      2      -10.40600        0.00000       -0.00067        0.00500              1
Psco_254                                      2        2.56100        0.00000        0.00094        0.00500              1
Psco_279                                      2        3.30300        0.00000        0.00124        0.00500              1
Psco_343                                      2        3.38200        0.00000        0.00050        0.00500              1
Psco_110                                      2       -1.10100        0.00000        0.00111        0.00500              1
Psco_158                                      2       -3.52500        0.00000        0.00172        0.00500              1
Psco_174                                      2       -2.01300        0.00000        0.00153        0.00500              1
Psco_328                                      2       -6.28900        0.00000       -0.00026        0.00500              1
Psco_455                                      2        2.17900        0.00000        0.00087        0.00500              1
Psco_926                                      2        0.04000        0.00000        0.00194        0.00500              1
Psco_959                                      2        1.54400        0.00000        0.00154        0.00500              1
Psco_992                                      2       -0.09700        0.00000        0.00097        0.00500              1
Psco_1000                                     2       -1.97700        0.00000        0.00151        0.00500              1
Psco_1040                                     2        5.80100        0.00000        0.00032        0.00500              1
Psco_976                                      2        1.48300        0.00000        0.00100        0.00500              1
Psco_961                                      2       -1.34300        0.00000        0.00018        0.00500              1
Psco_1002                                     2        3.19600        0.00000        0.00005        0.00500              1
Psco_1010                                     2        0.24200        0.00000        0.00182        0.00500              1
Psco_1026                                     2        0.62500        0.00000        0.00069        0.00500              1
Psco_1050                                     2        1.52300        0.00000        0.00060        0.00500              1
Psco_907                                      2        7.93000        0.00000        0.00080        0.00500              1
Psco_931                                      2        5.69200        0.00000        0.00020        0.00500              1
Psco_955                                      2        1.71800        0.00000        0.00121        0.00500              1
Psco_1012                                     2       -0.95500        0.00000        0.00111        0.00500              1
Psco_1028                                     2        6.42500        0.00000        0.00155        0.00500              1
Psco_980                                      2        2.52700        0.00000        0.00044        0.00500              1
Psco_1005                                     2        0.36400        0.00000        0.00066        0.00500              1
Psco_1053                                     2        5.95500       -0.00000        0.00130        0.00500              1
Psco_520                                      2       -1.79000        0.00000        0.00119        0.00500              1
Psco_576                                      2        7.29300        0.00000        0.00179        0.00500              1
Psco_720                                      2       -7.50700       -0.00000       -0.00077        0.00500              1
Psco_837                                      2        3.98800        0.00000        0.00052        0.00500              1
Psco_617                                      2       -0.70000        0.00000        0.00014        0.00500              1
Psco_641                                      2        0.84900        0.00000        0.00111        0.00500              1
Psco_689                                      2        1.86000        0.00000        0.00035        0.00500              1
Psco_838                                      2        2.14800        0.00000        0.00095        0.00500              1
Psco_854                                      2        2.70900        0.00000        0.00120        0.00500              1
Psco_642                                      2        1.74700        0.00000        0.00154        0.00500              1
Psco_751                                      2        3.93700        0.00000        0.00001        0.00500              1
Psco_643                                      2       -4.55700        0.00000       -0.00049        0.00500              1
Psco_651                                      2        2.92400        0.00000        0.00049        0.00500              1
Psco_667                                      2        3.60700        0.00000        0.00096        0.00500              1
Psco_604                                      2        0.20900        0.00000        0.00167        0.00500              1
Psco_612                                      2        2.88300        0.00000        0.00083        0.00500              1
Psco_825                                      2       -1.25200        0.00000        0.00137        0.00500              1
Psco_833                                      2        1.05700        0.00000        0.00124        0.00500              1
Psco_873                                      2        5.74300        0.00000        0.00142        0.00500              1
Psco_881                                      2        1.71300        0.00000        0.00069        0.00500              1
Psco_889                                      2        8.36200        0.00000        0.00158        0.00500              1
Psco_605                                      2        4.29100        0.00000        0.00174        0.00500              1
Psco_637                                      2       -0.13900        0.00000       -0.00008        0.00500              1
Psco_802                                      2       -0.26100        0.00000        0.00225        0.00500              1
Psco_794                                      2        3.52600        0.00000        0.00079        0.00500              1
Psco_510                                      2        5.29700       -0.00000        0.00106        0.00500              1
Psco_518                                      2        4.85700        0.00000       -0.00061        0.00500              1
Psco_694                                      2        4.09100        0.00000       -0.00020        0.00500              1
Psco_710                                      2        2.88700        0.00000        0.00149        0.00500              1
Psco_779                                      2        1.12200        0.00000        0.00153        0.00500              1
Psco_503                                      2        2.95100        0.00000        0.00106        0.00500              1
Psco_519                                      2        2.79300        0.00000        0.00131        0.00500              1
Psco_551                                      2       -1.01000       -0.00000       -0.00055        0.00500              1
Psco_591                                      2        1.18800        0.00000        0.00167        0.00500              1
Psco_748                                      2        0.07300        0.00000        0.00091        0.00500              1
Psco_788                                      2       -0.58500        0.00000        0.00101        0.00500              1
