                              Id         Gender   SelCriterion AvgCoancestryA AvgCoancestryC   Contribution  nContribution
Psco_210                                      1        6.57800        0.00000        0.00617        0.01500              3
Psco_317                                      1        9.81600        0.00000        0.00714        0.01500              3
Psco_141                                      1        6.75200        0.00000        0.00521        0.01500              3
Psco_446                                      1        7.80300        0.00000        0.01608        0.01500              3
Psco_990                                      1        5.92200        0.00000        0.00767        0.01500              3
Psco_1006                                     1        7.04800        0.00000        0.01989        0.01500              3
Psco_1031                                     1        6.24500        0.00000        0.01571        0.01500              3
Psco_928                                      1        6.00100        0.00000        0.00636        0.01500              3
Psco_936                                      1        6.97600        0.00000        0.01322        0.01500              3
Psco_968                                      1        7.56400        0.00000        0.01276        0.01500              3
Psco_1033                                     1        5.30900        0.00000        0.00505        0.01500              3
Psco_962                                      1        5.93800        0.00000        0.00322        0.01500              3
Psco_900                                      1        6.00600        0.00000        0.01186        0.01500              3
Psco_664                                      1        5.54800        0.00000        0.00167        0.01500              3
Psco_561                                      1        4.90000        0.00000        0.00229        0.01500              3
Psco_814                                      1        8.86000        0.00000        0.01920        0.01500              3
Psco_791                                      1        6.65500        0.00000        0.01034        0.01500              3
Psco_499                                      1        7.84200        0.00000        0.01849        0.01500              3
Psco_539                                      1        5.56500        0.00000        0.00076        0.01500              3
Psco_555                                      1        6.15200        0.00000        0.01624        0.01500              3
Psco_581                                      1        3.95500        0.00000       -0.00370        0.01500              3
Psco_746                                      1        5.61700        0.00000        0.00620        0.01500              3
Psco_866                                      1        4.71400        0.00000        0.00156        0.01500              3
Psco_804                                      1        8.26600        0.00000        0.01715        0.01500              3
Psco_884                                      1        6.05100        0.00000        0.00699        0.01500              3
Psco_419                                      1        6.54400       -0.00000        0.02116        0.01000              2
Psco_930                                      1        2.77300        0.00000       -0.00319        0.01000              2
Psco_965                                      1        7.22800        0.00000        0.01993        0.01000              2
Psco_789                                      1        4.80000        0.00000        0.00372        0.01000              2
Psco_830                                      1        4.63900        0.00000        0.00804        0.01000              2
Psco_750                                      1        6.52400        0.00000        0.01655        0.01000              2
Psco_530                                      1        2.39400        0.00000       -0.00196        0.01000              2
Psco_579                                      1        6.00300        0.00000        0.01603        0.01000              2
Psco_760                                      1        5.32700        0.00000        0.00989        0.01000              2
Psco_769                                      1        5.47800        0.00000        0.01239        0.01000              2
Psco_756                                      1        4.54600        0.00000        0.00334        0.01000              2
Psco_467                                      1        2.66700        0.00000        0.00090        0.00500              1
Psco_997                                      1        4.23600        0.00000        0.00024        0.00500              1
Psco_766                                      1        5.74600        0.00000        0.00668        0.00500              1
Psco_103                                      2        4.01900        0.00000        0.01353        0.00500              1
Psco_248                                      2        4.45000        0.00000        0.01414        0.00500              1
Psco_416                                      2        0.86100        0.00000       -0.00243        0.00500              1
Psco_448                                      2        2.80400        0.00000        0.00219        0.00500              1
Psco_473                                      2        5.85800        0.00000        0.01545        0.00500              1
Psco_481                                      2        5.25600        0.00000        0.01587        0.00500              1
Psco_121                                      2        7.37100        0.00000        0.00570        0.00500              1
Psco_169                                      2        2.48100        0.00000       -0.00327        0.00500              1
Psco_307                                      2        5.12300       -0.00000        0.01689        0.00500              1
Psco_315                                      2        1.89800        0.00000       -0.00704        0.00500              1
Psco_490                                      2        5.15600        0.00000        0.01728        0.00500              1
Psco_130                                      2        5.26700        0.00000        0.01342        0.00500              1
Psco_332                                      2        2.23000       -0.00000        0.00140        0.00500              1
Psco_348                                      2        5.51400       -0.00000        0.01776        0.00500              1
Psco_243                                      2        5.36500        0.00000        0.01750        0.00500              1
Psco_484                                      2        5.15200        0.00000        0.01347        0.00500              1
Psco_492                                      2        5.37500        0.00000        0.01512        0.00500              1
Psco_164                                      2        3.90000       -0.00000        0.00013        0.00500              1
Psco_205                                      2        4.22200        0.00000        0.00463        0.00500              1
Psco_351                                      2        4.04900        0.00000        0.00837        0.00500              1
Psco_486                                      2        4.93900        0.00000        0.01228        0.00500              1
Psco_118                                      2        5.44500        0.00000        0.01499        0.00500              1
Psco_447                                      2        4.51200        0.00000        0.01192        0.00500              1
Psco_463                                      2        5.19400        0.00000        0.00390        0.00500              1
Psco_495                                      2        4.65700        0.00000        0.01561        0.00500              1
Psco_902                                      2        4.95300        0.00000        0.01521        0.00500              1
Psco_974                                      2        3.58100        0.00000        0.00273        0.00500              1
Psco_927                                      2        5.03400        0.00000        0.01520        0.00500              1
Psco_935                                      2        4.33600        0.00000        0.00130        0.00500              1
Psco_943                                      2        6.96500        0.00000        0.01282        0.00500              1
Psco_1032                                     2        5.90000        0.00000        0.01727        0.00500              1
Psco_1040                                     2        5.80100        0.00000        0.00964        0.00500              1
Psco_976                                      2        1.48300        0.00000       -0.00160        0.00500              1
Psco_913                                      2        4.47700        0.00000        0.01091        0.00500              1
Psco_937                                      2        3.97500       -0.00000        0.00090        0.00500              1
Psco_945                                      2        3.06300        0.00000        0.00201        0.00500              1
Psco_994                                      2        2.89400       -0.00000        0.00018        0.00500              1
Psco_899                                      2        3.78500        0.00000       -0.00039        0.00500              1
Psco_907                                      2        7.93000        0.00000        0.01878        0.00500              1
Psco_915                                      2        5.66200        0.00000        0.01830        0.00500              1
Psco_931                                      2        5.69200        0.00000        0.01981        0.00500              1
Psco_947                                      2        2.56700        0.00000        0.00315        0.00500              1
Psco_987                                      2        5.86800        0.00000        0.01503        0.00500              1
Psco_1004                                     2        2.96500        0.00000        0.00329        0.00500              1
Psco_1028                                     2        6.42500        0.00000        0.01648        0.00500              1
Psco_1044                                     2        3.45200       -0.00000        0.00661        0.00500              1
Psco_980                                      2        2.52700        0.00000        0.00043        0.00500              1
Psco_1013                                     2        4.63500        0.00000        0.01217        0.00500              1
Psco_1021                                     2        5.56700        0.00000        0.00738        0.00500              1
Psco_1037                                     2        4.55300        0.00000        0.00904        0.00500              1
Psco_1053                                     2        5.95500       -0.00000        0.01905        0.00500              1
Psco_973                                      2        3.47900        0.00000       -0.00440        0.00500              1
Psco_496                                      2        2.67300       -0.00000       -0.00077        0.00500              1
Psco_504                                      2        1.01400       -0.00000       -0.00396        0.00500              1
Psco_552                                      2        7.16400        0.00000        0.01474        0.00500              1
Psco_560                                      2        5.20700        0.00000        0.01915        0.00500              1
Psco_576                                      2        7.29300        0.00000        0.01419        0.00500              1
Psco_837                                      2        3.98800        0.00000        0.01158        0.00500              1
Psco_845                                      2        5.87800        0.00000        0.01277        0.00500              1
Psco_861                                      2        5.54300        0.00000        0.01459        0.00500              1
Psco_885                                      2        5.78300       -0.00000        0.01451        0.00500              1
Psco_585                                      2        8.70600        0.00000        0.01810        0.00500              1
Psco_697                                      2        3.74800        0.00000        0.00889        0.00500              1
Psco_713                                      2        5.11400        0.00000        0.01498        0.00500              1
Psco_878                                      2        5.18600        0.00000        0.01607        0.00500              1
Psco_658                                      2        5.04200       -0.00000        0.01725        0.00500              1
Psco_698                                      2        1.55400       -0.00000       -0.00100        0.00500              1
Psco_815                                      2        7.33700        0.00000        0.01810        0.00500              1
Psco_823                                      2        2.21600        0.00000       -0.00151        0.00500              1
Psco_751                                      2        3.93700        0.00000       -0.00670        0.00500              1
Psco_767                                      2        5.94000        0.00000        0.00585        0.00500              1
Psco_887                                      2        3.49200        0.00000        0.00540        0.00500              1
Psco_595                                      2        5.60900        0.00000        0.01358        0.00500              1
Psco_667                                      2        3.60700        0.00000        0.01006        0.00500              1
Psco_824                                      2        4.60600        0.00000        0.00752        0.00500              1
Psco_864                                      2        5.89500        0.00000        0.01293        0.00500              1
Psco_888                                      2        2.49300        0.00000        0.00080        0.00500              1
Psco_628                                      2        3.88300        0.00000        0.00516        0.00500              1
Psco_668                                      2        6.83100        0.00000        0.01661        0.00500              1
Psco_676                                      2        2.74000        0.00000        0.00156        0.00500              1
Psco_809                                      2        3.15700        0.00000        0.00890        0.00500              1
Psco_817                                      2        3.83500        0.00000        0.00763        0.00500              1
Psco_865                                      2        7.38100        0.00000        0.00867        0.00500              1
Psco_873                                      2        5.74300        0.00000        0.01244        0.00500              1
Psco_889                                      2        8.36200        0.00000        0.01995        0.00500              1
Psco_597                                      2        4.32000        0.00000        0.01375        0.00500              1
Psco_605                                      2        4.29100        0.00000       -0.00206        0.00500              1
Psco_669                                      2        6.56400        0.00000        0.01770        0.00500              1
Psco_685                                      2        4.84400        0.00000        0.01400        0.00500              1
Psco_770                                      2        3.14800       -0.00000       -0.00583        0.00500              1
Psco_794                                      2        3.52600        0.00000        0.00255        0.00500              1
Psco_510                                      2        5.29700       -0.00000        0.00254        0.00500              1
Psco_518                                      2        4.85700        0.00000        0.01394        0.00500              1
Psco_550                                      2        1.53600        0.00000       -0.00264        0.00500              1
Psco_694                                      2        4.09100        0.00000        0.00097        0.00500              1
Psco_771                                      2        6.39200        0.00000        0.01247        0.00500              1
Psco_787                                      2        5.21700        0.00000        0.00442        0.00500              1
Psco_527                                      2        8.94900        0.00000        0.02259        0.00500              1
Psco_583                                      2        3.42800       -0.00000        0.00737        0.00500              1
Psco_852                                      2        4.62300        0.00000        0.01658        0.00500              1
