                              Id         Gender   SelCriterion AvgCoancestryA AvgCoancestryC   Contribution  nContribution
Psco_434                                      1        7.19200        0.00000        0.02193        0.01500              3
Psco_210                                      1        6.57800        0.00000        0.00717        0.01500              3
Psco_419                                      1        6.54400       -0.00000        0.02925        0.01500              3
Psco_317                                      1        9.81600        0.00000        0.00856        0.01500              3
Psco_141                                      1        6.75200        0.00000        0.00634        0.01500              3
Psco_446                                      1        7.80300        0.00000        0.01901        0.01500              3
Psco_990                                      1        5.92200        0.00000        0.00930        0.01500              3
Psco_1006                                     1        7.04800        0.00000        0.02768        0.01500              3
Psco_1031                                     1        6.24500        0.00000        0.01782        0.01500              3
Psco_928                                      1        6.00100        0.00000        0.00924        0.01500              3
Psco_936                                      1        6.97600        0.00000        0.01410        0.01500              3
Psco_968                                      1        7.56400        0.00000        0.01352        0.01500              3
Psco_1033                                     1        5.30900        0.00000        0.00465        0.01500              3
Psco_962                                      1        5.93800        0.00000        0.00031        0.01500              3
Psco_900                                      1        6.00600        0.00000        0.01555        0.01500              3
Psco_965                                      1        7.22800        0.00000        0.02329        0.01500              3
Psco_664                                      1        5.54800        0.00000        0.00302        0.01500              3
Psco_789                                      1        4.80000        0.00000        0.00221        0.01500              3
Psco_561                                      1        4.90000        0.00000        0.00325        0.01500              3
Psco_814                                      1        8.86000        0.00000        0.02170        0.01500              3
Psco_750                                      1        6.52400        0.00000        0.01854        0.01500              3
Psco_766                                      1        5.74600        0.00000        0.00911        0.01500              3
Psco_791                                      1        6.65500        0.00000        0.01123        0.01500              3
Psco_499                                      1        7.84200        0.00000        0.02153        0.01500              3
Psco_539                                      1        5.56500        0.00000        0.00035        0.01500              3
Psco_555                                      1        6.15200        0.00000        0.02373        0.01500              3
Psco_579                                      1        6.00300        0.00000        0.01681        0.01500              3
Psco_746                                      1        5.61700        0.00000        0.00919        0.01500              3
Psco_866                                      1        4.71400        0.00000       -0.00461        0.01500              3
Psco_804                                      1        8.26600        0.00000        0.02404        0.01500              3
Psco_884                                      1        6.05100        0.00000        0.00992        0.01500              3
Psco_760                                      1        5.32700        0.00000        0.01355        0.01000              2
Psco_769                                      1        5.47800        0.00000        0.01772        0.01000              2
Psco_581                                      1        3.95500        0.00000       -0.00548        0.01000              2
Psco_830                                      1        4.63900        0.00000        0.01053        0.00500              1
Psco_103                                      2        4.01900        0.00000        0.01853        0.00500              1
Psco_248                                      2        4.45000        0.00000        0.01890        0.00500              1
Psco_448                                      2        2.80400        0.00000        0.00265        0.00500              1
Psco_473                                      2        5.85800        0.00000        0.01731        0.00500              1
Psco_481                                      2        5.25600        0.00000        0.02321        0.00500              1
Psco_121                                      2        7.37100        0.00000        0.00690        0.00500              1
Psco_169                                      2        2.48100        0.00000       -0.00367        0.00500              1
Psco_307                                      2        5.12300       -0.00000        0.02242        0.00500              1
Psco_315                                      2        1.89800        0.00000       -0.00649        0.00500              1
Psco_490                                      2        5.15600        0.00000        0.02589        0.00500              1
Psco_130                                      2        5.26700        0.00000        0.01778        0.00500              1
Psco_332                                      2        2.23000       -0.00000       -0.01151        0.00500              1
Psco_348                                      2        5.51400       -0.00000        0.02382        0.00500              1
Psco_243                                      2        5.36500        0.00000        0.02242        0.00500              1
Psco_484                                      2        5.15200        0.00000        0.01712        0.00500              1
Psco_492                                      2        5.37500        0.00000        0.02207        0.00500              1
Psco_164                                      2        3.90000       -0.00000       -0.01299        0.00500              1
Psco_205                                      2        4.22200        0.00000        0.00586        0.00500              1
Psco_351                                      2        4.04900        0.00000        0.01183        0.00500              1
Psco_486                                      2        4.93900        0.00000        0.01292        0.00500              1
Psco_118                                      2        5.44500        0.00000        0.02043        0.00500              1
Psco_190                                      2        3.97200        0.00000        0.02366        0.00500              1
Psco_447                                      2        4.51200        0.00000        0.01380        0.00500              1
Psco_463                                      2        5.19400        0.00000        0.00495        0.00500              1
Psco_495                                      2        4.65700        0.00000        0.02330        0.00500              1
Psco_902                                      2        4.95300        0.00000        0.01794        0.00500              1
Psco_974                                      2        3.58100        0.00000        0.00271        0.00500              1
Psco_895                                      2        4.63600        0.00000        0.00322        0.00500              1
Psco_903                                      2        4.96300        0.00000        0.02830        0.00500              1
Psco_927                                      2        5.03400        0.00000        0.01731        0.00500              1
Psco_935                                      2        4.33600        0.00000        0.00201        0.00500              1
Psco_943                                      2        6.96500        0.00000        0.01337        0.00500              1
Psco_1032                                     2        5.90000        0.00000        0.01902        0.00500              1
Psco_1040                                     2        5.80100        0.00000        0.01156        0.00500              1
Psco_913                                      2        4.47700        0.00000        0.01145        0.00500              1
Psco_937                                      2        3.97500       -0.00000        0.00417        0.00500              1
Psco_945                                      2        3.06300        0.00000       -0.00110        0.00500              1
Psco_994                                      2        2.89400       -0.00000       -0.01288        0.00500              1
Psco_899                                      2        3.78500        0.00000        0.00151        0.00500              1
Psco_907                                      2        7.93000        0.00000        0.02131        0.00500              1
Psco_915                                      2        5.66200        0.00000        0.02553        0.00500              1
Psco_931                                      2        5.69200        0.00000        0.02917        0.00500              1
Psco_987                                      2        5.86800        0.00000        0.01673        0.00500              1
Psco_1004                                     2        2.96500        0.00000        0.00040        0.00500              1
Psco_1028                                     2        6.42500        0.00000        0.01886        0.00500              1
Psco_1044                                     2        3.45200       -0.00000        0.00779        0.00500              1
Psco_980                                      2        2.52700        0.00000        0.00238        0.00500              1
Psco_1013                                     2        4.63500        0.00000        0.01545        0.00500              1
Psco_1021                                     2        5.56700        0.00000        0.00852        0.00500              1
Psco_1037                                     2        4.55300        0.00000        0.01102        0.00500              1
Psco_1053                                     2        5.95500       -0.00000        0.02686        0.00500              1
Psco_973                                      2        3.47900        0.00000       -0.00722        0.00500              1
Psco_496                                      2        2.67300       -0.00000       -0.01334        0.00500              1
Psco_552                                      2        7.16400        0.00000        0.02027        0.00500              1
Psco_560                                      2        5.20700        0.00000        0.02677        0.00500              1
Psco_576                                      2        7.29300        0.00000        0.01509        0.00500              1
Psco_837                                      2        3.98800        0.00000        0.01476        0.00500              1
Psco_845                                      2        5.87800        0.00000        0.01910        0.00500              1
Psco_861                                      2        5.54300        0.00000        0.01654        0.00500              1
Psco_869                                      2        2.99000        0.00000        0.00143        0.00500              1
Psco_885                                      2        5.78300       -0.00000        0.01666        0.00500              1
Psco_585                                      2        8.70600        0.00000        0.02115        0.00500              1
Psco_697                                      2        3.74800        0.00000        0.01188        0.00500              1
Psco_713                                      2        5.11400        0.00000        0.01676        0.00500              1
Psco_846                                      2        4.56100        0.00000        0.02531        0.00500              1
Psco_854                                      2        2.70900        0.00000        0.00462        0.00500              1
Psco_878                                      2        5.18600        0.00000        0.01796        0.00500              1
Psco_626                                      2        4.56100        0.00000        0.01822        0.00500              1
Psco_658                                      2        5.04200       -0.00000        0.02359        0.00500              1
Psco_815                                      2        7.33700        0.00000        0.02092        0.00500              1
Psco_751                                      2        3.93700        0.00000       -0.00926        0.00500              1
Psco_767                                      2        5.94000        0.00000        0.00854        0.00500              1
Psco_887                                      2        3.49200        0.00000        0.00589        0.00500              1
Psco_595                                      2        5.60900        0.00000        0.01374        0.00500              1
Psco_667                                      2        3.60700        0.00000        0.01167        0.00500              1
Psco_824                                      2        4.60600        0.00000        0.00820        0.00500              1
Psco_856                                      2        2.52000        0.00000       -0.00055        0.00500              1
Psco_864                                      2        5.89500        0.00000        0.01674        0.00500              1
Psco_628                                      2        3.88300        0.00000        0.00648        0.00500              1
Psco_668                                      2        6.83100        0.00000        0.02323        0.00500              1
Psco_676                                      2        2.74000        0.00000       -0.00183        0.00500              1
Psco_817                                      2        3.83500        0.00000        0.00941        0.00500              1
Psco_865                                      2        7.38100        0.00000        0.00977        0.00500              1
Psco_873                                      2        5.74300        0.00000        0.01330        0.00500              1
Psco_889                                      2        8.36200        0.00000        0.02231        0.00500              1
Psco_597                                      2        4.32000        0.00000        0.01495        0.00500              1
Psco_605                                      2        4.29100        0.00000        0.00064        0.00500              1
Psco_669                                      2        6.56400        0.00000        0.02534        0.00500              1
Psco_685                                      2        4.84400        0.00000        0.01481        0.00500              1
Psco_842                                      2        6.73400        0.00000        0.02739        0.00500              1
Psco_770                                      2        3.14800       -0.00000       -0.00800        0.00500              1
Psco_794                                      2        3.52600        0.00000        0.00021        0.00500              1
Psco_510                                      2        5.29700       -0.00000        0.00240        0.00500              1
Psco_518                                      2        4.85700        0.00000        0.02113        0.00500              1
Psco_694                                      2        4.09100        0.00000        0.00310        0.00500              1
Psco_771                                      2        6.39200        0.00000        0.01556        0.00500              1
Psco_787                                      2        5.21700        0.00000        0.00605        0.00500              1
Psco_527                                      2        8.94900        0.00000        0.02542        0.00500              1
Psco_583                                      2        3.42800       -0.00000        0.00947        0.00500              1
Psco_852                                      2        4.62300        0.00000        0.02421        0.00500              1
