                              Id         Gender   SelCriterion AvgCoancestryA AvgCoancestryC   Contribution  nContribution
Psco_330                                      1        1.40100        0.00000       -0.00021        0.01000              2
Psco_210                                      1        6.57800        0.00000        0.00238        0.01000              2
Psco_373                                      1        0.65400        0.00000        0.00163        0.01000              2
Psco_912                                      1        4.51100        0.00000        0.00133        0.01000              2
Psco_984                                      1        1.01700        0.00000       -0.00069        0.01000              2
Psco_1033                                     1        5.30900        0.00000       -0.00312        0.01000              2
Psco_1057                                     1        0.81400        0.00000        0.00082        0.01000              2
Psco_1027                                     1        3.11400        0.00000        0.00161        0.01000              2
Psco_963                                      1        0.46800        0.00000        0.00360        0.01000              2
Psco_900                                      1        6.00600        0.00000        0.00238        0.01000              2
Psco_789                                      1        4.80000        0.00000        0.00331        0.01000              2
Psco_499                                      1        7.84200        0.00000        0.00556        0.01000              2
Psco_523                                      1        2.66700        0.00000       -0.00162        0.01000              2
Psco_760                                      1        5.32700        0.00000        0.00182        0.01000              2
Psco_500                                      1        4.80700       -0.00000        0.00075        0.01000              2
Psco_725_2                                    1       -2.08700       -0.00000       -0.00382        0.01000              2
Psco_811                                      1       -0.49100        0.00000       -0.00131        0.01000              2
Psco_167                                      1        2.41000        0.00000        0.00342        0.00500              1
Psco_183                                      1        0.11600        0.00000       -0.00064        0.00500              1
Psco_377                                      1        3.03000        0.00000       -0.00055        0.00500              1
Psco_192                                      1        0.28300        0.00000        0.00431        0.00500              1
Psco_322                                      1       -0.00900        0.00000        0.00483        0.00500              1
Psco_193                                      1        0.06200        0.00000        0.00156        0.00500              1
Psco_434                                      1        7.19200        0.00000        0.00507        0.00500              1
Psco_443                                      1        1.00300        0.00000        0.00174        0.00500              1
Psco_467                                      1        2.66700        0.00000        0.00467        0.00500              1
Psco_317                                      1        9.81600        0.00000        0.00299        0.00500              1
Psco_365                                      1        1.93900        0.00000        0.00034        0.00500              1
Psco_212                                      1       -0.68000        0.00000       -0.00003        0.00500              1
Psco_141                                      1        6.75200        0.00000        0.00220        0.00500              1
Psco_157                                      1       -0.25400       -0.00000        0.00247        0.00500              1
Psco_446                                      1        7.80300        0.00000        0.00406        0.00500              1
Psco_454                                      1       -0.24300        0.00000        0.00212        0.00500              1
Psco_230                                      1       -6.78600        0.00000        0.00017        0.00500              1
Psco_990                                      1        5.92200        0.00000        0.00095        0.00500              1
Psco_1006                                     1        7.04800        0.00000        0.00589        0.00500              1
Psco_950                                      1        4.21600        0.00000        0.00253        0.00500              1
Psco_999                                      1        1.99900        0.00000        0.00258        0.00500              1
Psco_1007                                     1       -4.43700       -0.00000       -0.00257        0.00500              1
Psco_1023                                     1       -0.19300        0.00000        0.00192        0.00500              1
Psco_1031                                     1        6.24500        0.00000        0.00393        0.00500              1
Psco_896                                      1        0.60700        0.00000        0.00331        0.00500              1
Psco_928                                      1        6.00100        0.00000        0.00350        0.00500              1
Psco_944                                      1        0.17800        0.00000       -0.00169        0.00500              1
Psco_968                                      1        7.56400        0.00000        0.00209        0.00500              1
Psco_1017                                     1        4.06200       -0.00000        0.00155        0.00500              1
Psco_962                                      1        5.93800        0.00000        0.00298        0.00500              1
Psco_986                                      1       -5.35000        0.00000        0.00068        0.00500              1
Psco_1003                                     1       -0.22200        0.00000        0.00046        0.00500              1
Psco_1011                                     1        2.98200        0.00000       -0.00057        0.00500              1
Psco_1043                                     1       -0.84000        0.00000        0.00220        0.00500              1
Psco_948                                      1        5.28400        0.00000        0.00150        0.00500              1
Psco_965                                      1        7.22800        0.00000        0.00453        0.00500              1
Psco_600                                      1        4.97400        0.00000        0.00482        0.00500              1
Psco_797                                      1        2.88700        0.00000        0.00321        0.00500              1
Psco_765                                      1        0.65700        0.00000        0.00237        0.00500              1
Psco_545                                      1        0.05900        0.00000        0.00098        0.00500              1
Psco_814                                      1        8.86000        0.00000        0.00377        0.00500              1
Psco_830                                      1        4.63900        0.00000        0.00093        0.00500              1
Psco_750                                      1        6.52400        0.00000        0.00434        0.00500              1
Psco_766                                      1        5.74600        0.00000        0.00403        0.00500              1
Psco_506                                      1        0.20200        0.00000        0.00019        0.00500              1
Psco_514                                      1        4.42400        0.00000        0.00439        0.00500              1
Psco_578                                      1        0.20100        0.00000       -0.00069        0.00500              1
Psco_839                                      1        5.43200        0.00000        0.00509        0.00500              1
Psco_855                                      1        2.47800        0.00000        0.00179        0.00500              1
Psco_547                                      1        0.42200       -0.00000        0.00272        0.00500              1
Psco_555                                      1        6.15200        0.00000        0.00575        0.00500              1
Psco_579                                      1        6.00300        0.00000        0.00312        0.00500              1
Psco_723                                      1        1.72600       -0.00000        0.00185        0.00500              1
Psco_840                                      1        6.12900        0.00000        0.00476        0.00500              1
Psco_548                                      1        0.93200        0.00000       -0.00150        0.00500              1
Psco_769                                      1        5.47800        0.00000        0.00294        0.00500              1
Psco_501                                      1        1.37500        0.00000       -0.00225        0.00500              1
Psco_517                                      1       -2.59100        0.00000        0.00198        0.00500              1
Psco_533                                      1        1.94800        0.00000        0.00207        0.00500              1
Psco_581                                      1        3.95500        0.00000        0.00290        0.00500              1
Psco_693                                      1       -6.17400        0.00000        0.00080        0.00500              1
Psco_662                                      1       -0.64400        0.00000       -0.00088        0.00500              1
Psco_819                                      1       -0.28600        0.00000       -0.00113        0.00500              1
Psco_599                                      1        0.33300       -0.00000        0.00041        0.00500              1
Psco_804                                      1        8.26600        0.00000        0.00687        0.00500              1
Psco_884                                      1        6.05100        0.00000        0.00363        0.00500              1
Psco_103                                      2        4.01900        0.00000        0.00329        0.00500              1
Psco_127                                      2        0.87900        0.00000        0.00255        0.00500              1
Psco_135                                      2       -0.90000        0.00000        0.00068        0.00500              1
Psco_143                                      2       -4.45300       -0.00000        0.00100        0.00500              1
Psco_248                                      2        4.45000        0.00000        0.00327        0.00500              1
Psco_256                                      2       -0.09600        0.00000        0.00452        0.00500              1
Psco_273                                      2       -8.28800        0.00000       -0.00190        0.00500              1
Psco_281                                      2        0.91800        0.00000        0.00585        0.00500              1
Psco_416                                      2        0.86100        0.00000        0.00321        0.00500              1
Psco_424                                      2       -1.05000        0.00000        0.00240        0.00500              1
Psco_432                                      2        0.18600        0.00000        0.00253        0.00500              1
Psco_440                                      2       -3.49400        0.00000       -0.00266        0.00500              1
Psco_448                                      2        2.80400        0.00000        0.00163        0.00500              1
Psco_472                                      2        1.17500        0.00000        0.00281        0.00500              1
Psco_480                                      2       -0.07600        0.00000        0.00133        0.00500              1
Psco_488                                      2        1.60800        0.00000        0.00145        0.00500              1
Psco_104                                      2       -5.79600        0.00000       -0.00236        0.00500              1
Psco_112                                      2        0.14800        0.00000        0.00244        0.00500              1
Psco_144                                      2       -0.68000        0.00000        0.00520        0.00500              1
Psco_249                                      2       -0.52600        0.00000        0.00169        0.00500              1
Psco_425                                      2       -0.16300       -0.00000        0.00207        0.00500              1
Psco_441                                      2       -7.37900        0.00000        0.00097        0.00500              1
Psco_489                                      2        1.01900        0.00000        0.00062        0.00500              1
Psco_121                                      2        7.37100        0.00000        0.00248        0.00500              1
Psco_153                                      2        1.82800        0.00000        0.00101        0.00500              1
Psco_169                                      2        2.48100        0.00000        0.00173        0.00500              1
Psco_307                                      2        5.12300       -0.00000        0.00410        0.00500              1
Psco_323                                      2       -1.14000        0.00000        0.00029        0.00500              1
Psco_347                                      2       -6.26000        0.00000       -0.00184        0.00500              1
Psco_474                                      2       -1.96500        0.00000        0.00007        0.00500              1
Psco_490                                      2        5.15600        0.00000        0.00622        0.00500              1
Psco_106                                      2       -0.60000        0.00000        0.00487        0.00500              1
Psco_130                                      2        5.26700        0.00000        0.00286        0.00500              1
Psco_251                                      2        0.06400        0.00000        0.00308        0.00500              1
Psco_259                                      2       -8.30900        0.00000       -0.00135        0.00500              1
Psco_284                                      2        0.05400        0.00000        0.00320        0.00500              1
Psco_308                                      2       -0.42200        0.00000        0.00188        0.00500              1
Psco_219                                      2       -6.44600        0.00000        0.00098        0.00500              1
Psco_436                                      2       -0.06500        0.00000       -0.00237        0.00500              1
Psco_452                                      2        2.24700        0.00000        0.00283        0.00500              1
Psco_476                                      2       -0.87500        0.00000       -0.00063        0.00500              1
Psco_484                                      2        5.15200        0.00000        0.00166        0.00500              1
Psco_492                                      2        5.37500        0.00000        0.00534        0.00500              1
Psco_164                                      2        3.90000       -0.00000        0.00373        0.00500              1
Psco_302                                      2       -6.41000        0.00000       -0.00058        0.00500              1
Psco_237                                      2       -0.84700        0.00000        0.00057        0.00500              1
Psco_414                                      2       -0.32300        0.00000       -0.00333        0.00500              1
Psco_422                                      2       -1.38700        0.00000       -0.00380        0.00500              1
Psco_351                                      2        4.04900        0.00000        0.00112        0.00500              1
Psco_182                                      2        0.34200        0.00000        0.00203        0.00500              1
Psco_304                                      2       -0.07300        0.00000        0.00056        0.00500              1
Psco_447                                      2        4.51200        0.00000        0.00330        0.00500              1
Psco_463                                      2        5.19400        0.00000        0.00279        0.00500              1
Psco_479                                      2        0.14400        0.00000        0.00286        0.00500              1
Psco_495                                      2        4.65700        0.00000        0.00469        0.00500              1
Psco_1046                                     2        0.57600        0.00000        0.00158        0.00500              1
Psco_1054                                     2        0.04400       -0.00000        0.00053        0.00500              1
Psco_974                                      2        3.58100        0.00000       -0.00373        0.00500              1
Psco_895                                      2        4.63600        0.00000        0.00188        0.00500              1
Psco_919                                      2        3.72800        0.00000        0.00239        0.00500              1
Psco_927                                      2        5.03400        0.00000        0.00409        0.00500              1
Psco_935                                      2        4.33600        0.00000       -0.00082        0.00500              1
Psco_943                                      2        6.96500        0.00000        0.00143        0.00500              1
Psco_951                                      2        3.01900        0.00000        0.00208        0.00500              1
Psco_992                                      2       -0.09700        0.00000       -0.00181        0.00500              1
Psco_913                                      2        4.47700        0.00000        0.00227        0.00500              1
Psco_929                                      2       -1.88600       -0.00000       -0.00050        0.00500              1
Psco_937                                      2        3.97500       -0.00000        0.00360        0.00500              1
Psco_985                                      2       -0.99900        0.00000        0.00087        0.00500              1
Psco_1010                                     2        0.24200        0.00000        0.00164        0.00500              1
Psco_1058                                     2       -0.90400        0.00000        0.00229        0.00500              1
Psco_987                                      2        5.86800        0.00000        0.00199        0.00500              1
Psco_1004                                     2        2.96500        0.00000        0.00176        0.00500              1
Psco_1028                                     2        6.42500        0.00000        0.00401        0.00500              1
Psco_980                                      2        2.52700        0.00000        0.00124        0.00500              1
Psco_1021                                     2        5.56700        0.00000        0.00127        0.00500              1
Psco_973                                      2        3.47900        0.00000        0.00252        0.00500              1
Psco_496                                      2        2.67300       -0.00000        0.00324        0.00500              1
Psco_512                                      2        1.18500        0.00000        0.00242        0.00500              1
Psco_552                                      2        7.16400        0.00000        0.00571        0.00500              1
Psco_877                                      2        2.38100       -0.00000        0.00267        0.00500              1
Psco_885                                      2        5.78300       -0.00000        0.00266        0.00500              1
Psco_713                                      2        5.11400        0.00000        0.00314        0.00500              1
Psco_618                                      2        3.37700        0.00000        0.00585        0.00500              1
Psco_698                                      2        1.55400       -0.00000        0.00357        0.00500              1
Psco_751                                      2        3.93700        0.00000        0.00197        0.00500              1
Psco_603                                      2       -0.72600        0.00000       -0.00044        0.00500              1
Psco_832                                      2       -1.10000        0.00000       -0.00116        0.00500              1
Psco_848                                      2        0.27700       -0.00000        0.00116        0.00500              1
Psco_628                                      2        3.88300        0.00000        0.00025        0.00500              1
Psco_668                                      2        6.83100        0.00000        0.00455        0.00500              1
Psco_849                                      2       -2.69500        0.00000       -0.00109        0.00500              1
Psco_802                                      2       -0.26100        0.00000        0.00215        0.00500              1
Psco_818                                      2        0.77300        0.00000       -0.00093        0.00500              1
Psco_850                                      2        0.99000        0.00000       -0.00077        0.00500              1
Psco_770                                      2        3.14800       -0.00000        0.00146        0.00500              1
Psco_518                                      2        4.85700        0.00000        0.00531        0.00500              1
Psco_694                                      2        4.09100        0.00000        0.00306        0.00500              1
Psco_575                                      2        4.88000        0.00000        0.00456        0.00500              1
Psco_727                                      2        0.40100        0.00000       -0.00036        0.00500              1
