                              Id         Gender   SelCriterion AvgCoancestryA AvgCoancestryC   Contribution  nContribution
Psco_317                                      1       10.89538        0.00000        0.00592        0.01500              3
Psco_990                                      1       10.19477        0.00000        0.00691        0.01500              3
Psco_1033                                     1        9.69979        0.00000        0.00436        0.01500              3
Psco_781                                      1        6.50906        0.00000        0.00059        0.01500              3
Psco_530                                      1       -0.62365        0.00000       -0.00500        0.01500              3
Psco_791                                      1       10.54760        0.00000        0.00626        0.01500              3
Psco_523                                      1        7.47891        0.00000        0.00304        0.01500              3
Psco_167                                      1       -0.11748        0.00000       -0.00370        0.01000              2
Psco_426                                      1        3.96427        0.00000        0.00192        0.01000              2
Psco_467                                      1        0.05231        0.00000       -0.00175        0.01000              2
Psco_446                                      1        8.11091        0.00000        0.00769        0.01000              2
Psco_936                                      1        5.59726        0.00000        0.00577        0.01000              2
Psco_984                                      1        4.19060        0.00000        0.00302        0.01000              2
Psco_930                                      1        6.58836        0.00000        0.00344        0.01000              2
Psco_1027                                     1        6.49406        0.00000        0.00342        0.01000              2
Psco_664                                      1       10.43956        0.00000        0.00617        0.01000              2
Psco_789                                      1        2.99784        0.00000       -0.00078        0.01000              2
Psco_497                                      1        7.26942       -0.00000        0.00150        0.01000              2
Psco_561                                      1       10.06707        0.00000        0.00835        0.01000              2
Psco_577                                      1        7.19774        0.00000        0.00473        0.01000              2
Psco_814                                      1        8.22490        0.00000        0.00958        0.01000              2
Psco_830                                      1        8.48510        0.00000        0.00670        0.01000              2
Psco_498                                      1       -0.06725        0.00000       -0.00233        0.01000              2
Psco_499                                      1        7.23321        0.00000        0.00749        0.01000              2
Psco_531                                      1        8.48618        0.00000        0.00546        0.01000              2
Psco_539                                      1        4.72569        0.00000        0.00151        0.01000              2
Psco_784                                      1        6.04218       -0.00000        0.00261        0.01000              2
Psco_500                                      1        9.42145       -0.00000        0.00594        0.01000              2
Psco_508                                      1        6.55579        0.00000        0.00819        0.01000              2
Psco_564                                      1        6.98819        0.00000        0.00444        0.01000              2
Psco_851                                      1        6.67665        0.00000        0.00678        0.01000              2
Psco_756                                      1        8.50102        0.00000        0.00788        0.01000              2
Psco_884                                      1        8.20410        0.00000        0.00737        0.01000              2
Psco_377                                      1        5.90575        0.00000        0.00430        0.00500              1
Psco_434                                      1        7.46813        0.00000        0.00850        0.00500              1
Psco_435                                      1        5.62904        0.00000        0.00338        0.00500              1
Psco_141                                      1        8.00797        0.00000        0.00557        0.00500              1
Psco_189                                      1        1.68520        0.00000        0.00126        0.00500              1
Psco_950                                      1        8.17634        0.00000        0.00839        0.00500              1
Psco_1047                                     1        2.99534        0.00000        0.00469        0.00500              1
Psco_928                                      1        8.20172        0.00000        0.00756        0.00500              1
Psco_968                                      1        5.75496        0.00000        0.00655        0.00500              1
Psco_1009                                     1        6.66155        0.00000        0.00626        0.00500              1
Psco_914                                      1        5.83793        0.00000        0.00635        0.00500              1
Psco_948                                      1        2.93476        0.00000        0.00390        0.00500              1
Psco_917                                      1        2.13636        0.00000       -0.00047        0.00500              1
Psco_608                                      1        6.24288       -0.00000        0.00577        0.00500              1
Psco_797                                      1        6.16326        0.00000        0.00448        0.00500              1
Psco_749                                      1        4.76401        0.00000        0.00488        0.00500              1
Psco_505                                      1        8.74705        0.00000        0.00606        0.00500              1
Psco_766                                      1        7.62185        0.00000        0.00669        0.00500              1
Psco_799                                      1        6.85686        0.00000        0.00535        0.00500              1
Psco_579                                      1        5.77894        0.00000        0.00692        0.00500              1
Psco_516                                      1        4.59407        0.00000        0.00695        0.00500              1
Psco_588                                      1       -0.73505        0.00000       -0.00241        0.00500              1
Psco_745                                      1        6.11009        0.00000        0.00385        0.00500              1
Psco_858                                      1        5.14757        0.00000        0.00281        0.00500              1
Psco_866                                      1        7.64401        0.00000        0.00464        0.00500              1
Psco_606                                      1        4.61531        0.00000        0.00296        0.00500              1
Psco_804                                      1        5.92221        0.00000        0.00617        0.00500              1
Psco_103                                      2        1.51195        0.00000        0.00448        0.00500              1
Psco_127                                      2       -1.22387        0.00000       -0.00081        0.00500              1
Psco_135                                      2        1.38866        0.00000        0.00398        0.00500              1
Psco_248                                      2        2.07406        0.00000        0.00464        0.00500              1
Psco_448                                      2        7.85437        0.00000        0.00756        0.00500              1
Psco_488                                      2        4.72125        0.00000        0.00520        0.00500              1
Psco_112                                      2       -3.08339        0.00000       -0.00391        0.00500              1
Psco_417                                      2       -0.26636        0.00000        0.00172        0.00500              1
Psco_433                                      2        1.11191        0.00000        0.00334        0.00500              1
Psco_473                                      2        6.52566        0.00000        0.00867        0.00500              1
Psco_481                                      2        3.51403        0.00000        0.00594        0.00500              1
Psco_489                                      2        4.64693        0.00000        0.00385        0.00500              1
Psco_121                                      2        8.38841        0.00000        0.00487        0.00500              1
Psco_169                                      2        0.69501        0.00000       -0.00123        0.00500              1
Psco_307                                      2        1.98980       -0.00000        0.00585        0.00500              1
Psco_315                                      2        5.36472        0.00000        0.00360        0.00500              1
Psco_466                                      2        6.81102        0.00000        0.00468        0.00500              1
Psco_490                                      2        2.19715        0.00000        0.00455        0.00500              1
Psco_348                                      2        2.54974       -0.00000        0.00581        0.00500              1
Psco_356                                      2        5.29425        0.00000        0.00328        0.00500              1
Psco_436                                      2        4.29853        0.00000        0.00320        0.00500              1
Psco_452                                      2        5.65333        0.00000        0.00750        0.00500              1
Psco_213                                      2       -2.46444       -0.00000       -0.00421        0.00500              1
Psco_254                                      2        4.61829        0.00000        0.00502        0.00500              1
Psco_351                                      2        1.45034        0.00000        0.00115        0.00500              1
Psco_494                                      2       -4.01926        0.00000       -0.00078        0.00500              1
Psco_110                                      2        0.24495        0.00000        0.00051        0.00500              1
Psco_118                                      2        2.73915        0.00000        0.00490        0.00500              1
Psco_423                                      2        5.97097        0.00000        0.00409        0.00500              1
Psco_495                                      2        2.79562        0.00000        0.00503        0.00500              1
Psco_910                                      2       -2.33999        0.00000       -0.00334        0.00500              1
Psco_1046                                     2       -1.82727        0.00000       -0.00165        0.00500              1
Psco_974                                      2        8.58192        0.00000        0.00614        0.00500              1
Psco_895                                      2        8.38956        0.00000        0.00813        0.00500              1
Psco_935                                      2        3.25113        0.00000        0.00152        0.00500              1
Psco_943                                      2        5.17163        0.00000        0.00615        0.00500              1
Psco_951                                      2        5.84055        0.00000        0.00669        0.00500              1
Psco_1040                                     2        9.52955        0.00000        0.00641        0.00500              1
Psco_976                                      2       -2.51363        0.00000       -0.00540        0.00500              1
Psco_937                                      2        6.82539       -0.00000        0.00470        0.00500              1
Psco_945                                      2        0.75875        0.00000       -0.00238        0.00500              1
Psco_994                                      2        0.13770       -0.00000       -0.00230        0.00500              1
Psco_1010                                     2        4.02914        0.00000        0.00484        0.00500              1
Psco_899                                      2        7.03092        0.00000        0.00637        0.00500              1
Psco_907                                      2        6.57966        0.00000        0.00790        0.00500              1
Psco_923                                      2        4.93091        0.00000        0.00154        0.00500              1
Psco_931                                      2        2.65309        0.00000        0.00686        0.00500              1
Psco_987                                      2        4.31939        0.00000        0.00466        0.00500              1
Psco_1028                                     2        4.94842        0.00000        0.00664        0.00500              1
Psco_1044                                     2        7.24129       -0.00000        0.00575        0.00500              1
Psco_1013                                     2        2.47377        0.00000        0.00447        0.00500              1
Psco_1021                                     2        9.85581        0.00000        0.00672        0.00500              1
Psco_1053                                     2        3.92565       -0.00000        0.00715        0.00500              1
Psco_973                                      2        0.71514        0.00000       -0.00134        0.00500              1
Psco_496                                      2        0.01526       -0.00000       -0.00200        0.00500              1
Psco_552                                      2        6.36646        0.00000        0.00637        0.00500              1
Psco_584                                      2        3.15777        0.00000        0.00199        0.00500              1
Psco_712                                      2        0.17791        0.00000        0.00284        0.00500              1
Psco_845                                      2        4.47427        0.00000        0.00399        0.00500              1
Psco_861                                      2        3.76302        0.00000        0.00445        0.00500              1
Psco_877                                      2        4.13268       -0.00000        0.00514        0.00500              1
Psco_885                                      2        5.26812       -0.00000        0.00627        0.00500              1
Psco_593                                      2        0.99071        0.00000       -0.00171        0.00500              1
Psco_641                                      2        5.86221        0.00000        0.00194        0.00500              1
Psco_585                                      2        7.85518        0.00000        0.00625        0.00500              1
Psco_697                                      2        1.28897        0.00000        0.00166        0.00500              1
Psco_713                                      2        5.38083        0.00000        0.00706        0.00500              1
Psco_854                                      2        6.71231        0.00000        0.00331        0.00500              1
Psco_626                                      2        2.93402        0.00000        0.00534        0.00500              1
Psco_698                                      2       -0.95327       -0.00000       -0.00308        0.00500              1
Psco_815                                      2        5.52385        0.00000        0.00813        0.00500              1
Psco_823                                      2        5.75976        0.00000        0.00413        0.00500              1
Psco_831                                      2       -1.60014        0.00000       -0.00296        0.00500              1
Psco_751                                      2        1.23462        0.00000       -0.00128        0.00500              1
Psco_767                                      2        7.91419        0.00000        0.00674        0.00500              1
Psco_871                                      2        3.32088        0.00000        0.00310        0.00500              1
Psco_595                                      2        3.52603        0.00000        0.00428        0.00500              1
Psco_635                                      2        6.22919        0.00000        0.00680        0.00500              1
Psco_856                                      2        6.54505        0.00000        0.00424        0.00500              1
Psco_668                                      2        5.33156        0.00000        0.00708        0.00500              1
Psco_801                                      2        4.44795        0.00000        0.00363        0.00500              1
Psco_873                                      2        3.77040        0.00000        0.00454        0.00500              1
Psco_889                                      2        7.01167        0.00000        0.00816        0.00500              1
Psco_597                                      2        4.56892        0.00000        0.00654        0.00500              1
Psco_605                                      2        9.10975        0.00000        0.00478        0.00500              1
Psco_637                                      2        4.92580        0.00000        0.00394        0.00500              1
Psco_669                                      2        5.30613        0.00000        0.00753        0.00500              1
Psco_802                                      2       -4.14422        0.00000       -0.00563        0.00500              1
Psco_842                                      2        3.24342        0.00000        0.00557        0.00500              1
Psco_770                                      2        0.84811       -0.00000       -0.00142        0.00500              1
Psco_502                                      2        1.18048       -0.00000        0.00308        0.00500              1
Psco_510                                      2        8.50549       -0.00000        0.00664        0.00500              1
Psco_558                                      2        1.99680        0.00000        0.00318        0.00500              1
Psco_702                                      2        5.34159        0.00000        0.00439        0.00500              1
Psco_718                                      2        7.19325        0.00000        0.00594        0.00500              1
Psco_771                                      2        4.26476        0.00000        0.00432        0.00500              1
Psco_787                                      2        9.54596        0.00000        0.00964        0.00500              1
Psco_583                                      2        5.92870       -0.00000        0.00533        0.00500              1
Psco_727                                      2        4.33122        0.00000        0.00287        0.00500              1
Psco_780                                      2        4.72130        0.00000        0.00257        0.00500              1
