                              Id         Gender   SelCriterion AvgCoancestryA AvgCoancestryC   Contribution  nContribution
Psco_210                                      1        6.57800        0.00000        0.00372        0.01500              3
Psco_317                                      1        9.81600        0.00000        0.00562        0.01500              3
Psco_990                                      1        5.92200        0.00000        0.00826        0.01500              3
Psco_936                                      1        6.97600        0.00000        0.00925        0.01500              3
Psco_968                                      1        7.56400        0.00000        0.00933        0.01500              3
Psco_1033                                     1        5.30900        0.00000        0.00452        0.01500              3
Psco_962                                      1        5.93800        0.00000        0.00131        0.01500              3
Psco_664                                      1        5.54800        0.00000        0.00227        0.01500              3
Psco_561                                      1        4.90000        0.00000        0.00373        0.01500              3
Psco_814                                      1        8.86000        0.00000        0.01175        0.01500              3
Psco_539                                      1        5.56500        0.00000        0.00148        0.01500              3
Psco_581                                      1        3.95500        0.00000       -0.00379        0.01500              3
Psco_804                                      1        8.26600        0.00000        0.01376        0.01500              3
Psco_167                                      1        2.41000        0.00000       -0.00053        0.01000              2
Psco_467                                      1        2.66700        0.00000        0.00198        0.01000              2
Psco_141                                      1        6.75200        0.00000        0.00394        0.01000              2
Psco_446                                      1        7.80300        0.00000        0.01200        0.01000              2
Psco_1006                                     1        7.04800        0.00000        0.01492        0.01000              2
Psco_1031                                     1        6.24500        0.00000        0.00918        0.01000              2
Psco_928                                      1        6.00100        0.00000        0.00560        0.01000              2
Psco_930                                      1        2.77300        0.00000       -0.00146        0.01000              2
Psco_900                                      1        6.00600        0.00000        0.00878        0.01000              2
Psco_830                                      1        4.63900        0.00000        0.00833        0.01000              2
Psco_750                                      1        6.52400        0.00000        0.01154        0.01000              2
Psco_791                                      1        6.65500        0.00000        0.00985        0.01000              2
Psco_499                                      1        7.84200        0.00000        0.01292        0.01000              2
Psco_523                                      1        2.66700        0.00000       -0.00234        0.01000              2
Psco_579                                      1        6.00300        0.00000        0.00836        0.01000              2
Psco_760                                      1        5.32700        0.00000        0.00749        0.01000              2
Psco_745                                      1        3.06300        0.00000       -0.00037        0.01000              2
Psco_746                                      1        5.61700        0.00000        0.00512        0.01000              2
Psco_884                                      1        6.05100        0.00000        0.00530        0.01000              2
Psco_377                                      1        3.03000        0.00000        0.00098        0.00500              1
Psco_435                                      1        2.38600        0.00000       -0.00065        0.00500              1
Psco_1014                                     1        1.52300        0.00000       -0.00251        0.00500              1
Psco_950                                      1        4.21600        0.00000        0.00373        0.00500              1
Psco_1047                                     1        5.03500        0.00000        0.01039        0.00500              1
Psco_1017                                     1        4.06200       -0.00000        0.00750        0.00500              1
Psco_914                                      1        2.32100        0.00000       -0.00045        0.00500              1
Psco_1027                                     1        3.11400        0.00000        0.00023        0.00500              1
Psco_948                                      1        5.28400        0.00000        0.00735        0.00500              1
Psco_997                                      1        4.23600        0.00000        0.00119        0.00500              1
Psco_925                                      1        1.72200        0.00000       -0.00086        0.00500              1
Psco_965                                      1        7.22800        0.00000        0.01356        0.00500              1
Psco_797                                      1        2.88700        0.00000        0.00222        0.00500              1
Psco_781                                      1        1.93400        0.00000       -0.00403        0.00500              1
Psco_789                                      1        4.80000        0.00000        0.00153        0.00500              1
Psco_497                                      1        1.78900       -0.00000       -0.00229        0.00500              1
Psco_758                                      1        4.18500        0.00000        0.01051        0.00500              1
Psco_555                                      1        6.15200        0.00000        0.01417        0.00500              1
Psco_564                                      1        3.85100        0.00000        0.00233        0.00500              1
Psco_761                                      1        4.21100        0.00000        0.00466        0.00500              1
Psco_769                                      1        5.47800        0.00000        0.01144        0.00500              1
Psco_858                                      1        2.42800        0.00000       -0.00113        0.00500              1
Psco_867                                      1        1.68800       -0.00000       -0.00007        0.00500              1
Psco_103                                      2        4.01900        0.00000        0.01088        0.00500              1
Psco_127                                      2        0.87900        0.00000       -0.00128        0.00500              1
Psco_248                                      2        4.45000        0.00000        0.01177        0.00500              1
Psco_424                                      2       -1.05000        0.00000       -0.00027        0.00500              1
Psco_448                                      2        2.80400        0.00000        0.00236        0.00500              1
Psco_112                                      2        0.14800        0.00000       -0.00015        0.00500              1
Psco_473                                      2        5.85800        0.00000        0.00912        0.00500              1
Psco_481                                      2        5.25600        0.00000        0.01285        0.00500              1
Psco_489                                      2        1.01900        0.00000       -0.00054        0.00500              1
Psco_121                                      2        7.37100        0.00000        0.00374        0.00500              1
Psco_169                                      2        2.48100        0.00000       -0.00333        0.00500              1
Psco_307                                      2        5.12300       -0.00000        0.01346        0.00500              1
Psco_315                                      2        1.89800        0.00000       -0.00402        0.00500              1
Psco_490                                      2        5.15600        0.00000        0.01422        0.00500              1
Psco_130                                      2        5.26700        0.00000        0.01126        0.00500              1
Psco_332                                      2        2.23000       -0.00000        0.00171        0.00500              1
Psco_348                                      2        5.51400       -0.00000        0.01389        0.00500              1
Psco_243                                      2        5.36500        0.00000        0.01345        0.00500              1
Psco_484                                      2        5.15200        0.00000        0.01088        0.00500              1
Psco_492                                      2        5.37500        0.00000        0.01281        0.00500              1
Psco_164                                      2        3.90000       -0.00000       -0.00012        0.00500              1
Psco_351                                      2        4.04900        0.00000        0.00661        0.00500              1
Psco_486                                      2        4.93900        0.00000        0.00880        0.00500              1
Psco_118                                      2        5.44500        0.00000        0.01199        0.00500              1
Psco_463                                      2        5.19400        0.00000        0.00496        0.00500              1
Psco_495                                      2        4.65700        0.00000        0.01378        0.00500              1
Psco_902                                      2        4.95300        0.00000        0.01109        0.00500              1
Psco_910                                      2        0.48800        0.00000       -0.00480        0.00500              1
Psco_974                                      2        3.58100        0.00000        0.00349        0.00500              1
Psco_895                                      2        4.63600        0.00000        0.00409        0.00500              1
Psco_927                                      2        5.03400        0.00000        0.01020        0.00500              1
Psco_935                                      2        4.33600        0.00000        0.00178        0.00500              1
Psco_943                                      2        6.96500        0.00000        0.00883        0.00500              1
Psco_983                                      2        1.65100        0.00000       -0.00189        0.00500              1
Psco_1032                                     2        5.90000        0.00000        0.00947        0.00500              1
Psco_1040                                     2        5.80100        0.00000        0.01039        0.00500              1
Psco_913                                      2        4.47700        0.00000        0.00512        0.00500              1
Psco_937                                      2        3.97500       -0.00000        0.00383        0.00500              1
Psco_945                                      2        3.06300        0.00000       -0.00030        0.00500              1
Psco_994                                      2        2.89400       -0.00000        0.00149        0.00500              1
Psco_1026                                     2        0.62500        0.00000        0.00077        0.00500              1
Psco_899                                      2        3.78500        0.00000        0.00185        0.00500              1
Psco_907                                      2        7.93000        0.00000        0.01396        0.00500              1
Psco_915                                      2        5.66200        0.00000        0.01491        0.00500              1
Psco_931                                      2        5.69200        0.00000        0.01632        0.00500              1
Psco_947                                      2        2.56700        0.00000        0.00312        0.00500              1
Psco_987                                      2        5.86800        0.00000        0.00720        0.00500              1
Psco_1028                                     2        6.42500        0.00000        0.00955        0.00500              1
Psco_1044                                     2        3.45200       -0.00000        0.00643        0.00500              1
Psco_980                                      2        2.52700        0.00000        0.00263        0.00500              1
Psco_1013                                     2        4.63500        0.00000        0.00862        0.00500              1
Psco_1021                                     2        5.56700        0.00000        0.00836        0.00500              1
Psco_1037                                     2        4.55300        0.00000        0.00987        0.00500              1
Psco_1053                                     2        5.95500       -0.00000        0.01422        0.00500              1
Psco_973                                      2        3.47900        0.00000       -0.00417        0.00500              1
Psco_496                                      2        2.67300       -0.00000        0.00146        0.00500              1
Psco_552                                      2        7.16400        0.00000        0.01205        0.00500              1
Psco_560                                      2        5.20700        0.00000        0.01504        0.00500              1
Psco_576                                      2        7.29300        0.00000        0.01036        0.00500              1
Psco_845                                      2        5.87800        0.00000        0.01014        0.00500              1
Psco_869                                      2        2.99000        0.00000        0.00166        0.00500              1
Psco_885                                      2        5.78300       -0.00000        0.00831        0.00500              1
Psco_641                                      2        0.84900        0.00000       -0.00400        0.00500              1
Psco_585                                      2        8.70600        0.00000        0.01309        0.00500              1
Psco_697                                      2        3.74800        0.00000        0.00700        0.00500              1
Psco_713                                      2        5.11400        0.00000        0.00849        0.00500              1
Psco_854                                      2        2.70900        0.00000        0.00386        0.00500              1
Psco_698                                      2        1.55400       -0.00000        0.00065        0.00500              1
Psco_815                                      2        7.33700        0.00000        0.01259        0.00500              1
Psco_823                                      2        2.21600        0.00000       -0.00007        0.00500              1
Psco_831                                      2        1.98200        0.00000        0.00110        0.00500              1
Psco_751                                      2        3.93700        0.00000       -0.00321        0.00500              1
Psco_767                                      2        5.94000        0.00000        0.00523        0.00500              1
Psco_887                                      2        3.49200        0.00000        0.00522        0.00500              1
Psco_595                                      2        5.60900        0.00000        0.00904        0.00500              1
Psco_667                                      2        3.60700        0.00000        0.00496        0.00500              1
Psco_824                                      2        4.60600        0.00000        0.00780        0.00500              1
Psco_864                                      2        5.89500        0.00000        0.01122        0.00500              1
Psco_888                                      2        2.49300        0.00000        0.00127        0.00500              1
Psco_628                                      2        3.88300        0.00000        0.00600        0.00500              1
Psco_668                                      2        6.83100        0.00000        0.01352        0.00500              1
Psco_809                                      2        3.15700        0.00000        0.00803        0.00500              1
Psco_817                                      2        3.83500        0.00000        0.00803        0.00500              1
Psco_865                                      2        7.38100        0.00000        0.00784        0.00500              1
Psco_873                                      2        5.74300        0.00000        0.00898        0.00500              1
Psco_889                                      2        8.36200        0.00000        0.01393        0.00500              1
Psco_605                                      2        4.29100        0.00000        0.00016        0.00500              1
Psco_669                                      2        6.56400        0.00000        0.01377        0.00500              1
Psco_826                                      2        1.17900        0.00000       -0.00031        0.00500              1
Psco_842                                      2        6.73400        0.00000        0.01602        0.00500              1
Psco_770                                      2        3.14800       -0.00000       -0.00278        0.00500              1
Psco_794                                      2        3.52600        0.00000        0.00025        0.00500              1
Psco_502                                      2        2.33000       -0.00000        0.00392        0.00500              1
Psco_510                                      2        5.29700       -0.00000        0.00108        0.00500              1
Psco_518                                      2        4.85700        0.00000        0.01202        0.00500              1
Psco_558                                      2        2.49200        0.00000        0.00493        0.00500              1
Psco_694                                      2        4.09100        0.00000        0.00309        0.00500              1
Psco_771                                      2        6.39200        0.00000        0.00930        0.00500              1
Psco_787                                      2        5.21700        0.00000        0.00513        0.00500              1
Psco_527                                      2        8.94900        0.00000        0.01556        0.00500              1
