                              Id         Gender   SelCriterion AvgCoancestryA AvgCoancestryC   Contribution  nContribution
Psco_443                                      1        1.00300        0.00000        0.00084        0.01000              2
Psco_467                                      1        2.66700        0.00000        0.00125        0.01000              2
Psco_365                                      1        1.93900        0.00000       -0.00095        0.01000              2
Psco_373                                      1        0.65400        0.00000        0.00044        0.01000              2
Psco_141                                      1        6.75200        0.00000        0.00242        0.01000              2
Psco_439                                      1        0.88400        0.00000       -0.00019        0.01000              2
Psco_1039                                     1       -0.42500        0.00000       -0.00055        0.01000              2
Psco_1033                                     1        5.30900        0.00000        0.00177        0.01000              2
Psco_1003                                     1       -0.22200        0.00000        0.00216        0.01000              2
Psco_1043                                     1       -0.84000        0.00000        0.00120        0.01000              2
Psco_948                                      1        5.28400        0.00000        0.00186        0.01000              2
Psco_988                                      1       -0.33800        0.00000        0.00244        0.01000              2
Psco_814                                      1        8.86000        0.00000        0.00188        0.01000              2
Psco_822                                      1       -0.51400        0.00000        0.00015        0.01000              2
Psco_578                                      1        0.20100        0.00000        0.00230        0.01000              2
Psco_523                                      1        2.66700        0.00000       -0.00036        0.01000              2
Psco_555                                      1        6.15200        0.00000        0.00040        0.01000              2
Psco_840                                      1        6.12900        0.00000        0.00067        0.01000              2
Psco_500                                      1        4.80700       -0.00000        0.00210        0.01000              2
Psco_819                                      1       -0.28600        0.00000        0.00085        0.01000              2
Psco_868                                      1        5.19400        0.00000        0.00283        0.01000              2
Psco_884                                      1        6.05100        0.00000        0.00162        0.01000              2
Psco_239                                      1       -4.86000        0.00000       -0.00088        0.00500              1
Psco_183                                      1        0.11600        0.00000        0.00195        0.00500              1
Psco_192                                      1        0.28300        0.00000        0.00153        0.00500              1
Psco_322                                      1       -0.00900        0.00000        0.00171        0.00500              1
Psco_378                                      1        0.65500        0.00000        0.00188        0.00500              1
Psco_193                                      1        0.06200        0.00000        0.00194        0.00500              1
Psco_201                                      1        0.28200       -0.00000        0.00075        0.00500              1
Psco_250                                      1      -11.07600        0.00000       -0.00082        0.00500              1
Psco_434                                      1        7.19200        0.00000        0.00183        0.00500              1
Psco_210                                      1        6.57800        0.00000        0.00291        0.00500              1
Psco_300                                      1       -0.55000        0.00000        0.00069        0.00500              1
Psco_293                                      1        3.94700        0.00000        0.00369        0.00500              1
Psco_317                                      1        9.81600        0.00000        0.00244        0.00500              1
Psco_333                                      1       -7.26600       -0.00000       -0.00002        0.00500              1
Psco_357                                      1       -1.53800        0.00000        0.00075        0.00500              1
Psco_381                                      1        1.75900       -0.00000        0.00130        0.00500              1
Psco_196                                      1       -0.20600        0.00000        0.00280        0.00500              1
Psco_430                                      1       -1.67800        0.00000        0.00179        0.00500              1
Psco_446                                      1        7.80300        0.00000        0.00124        0.00500              1
Psco_454                                      1       -0.24300        0.00000        0.00119        0.00500              1
Psco_206                                      1       -0.22300        0.00000        0.00151        0.00500              1
Psco_247                                      1       -3.01200       -0.00000       -0.00050        0.00500              1
Psco_280                                      1        0.54800        0.00000        0.00150        0.00500              1
Psco_431                                      1        5.56100        0.00000        0.00238        0.00500              1
Psco_1022                                     1        1.54600        0.00000        0.00357        0.00500              1
Psco_966                                      1        4.20400        0.00000        0.00299        0.00500              1
Psco_999                                      1        1.99900        0.00000       -0.00086        0.00500              1
Psco_1023                                     1       -0.19300        0.00000        0.00073        0.00500              1
Psco_1031                                     1        6.24500        0.00000        0.00318        0.00500              1
Psco_944                                      1        0.17800        0.00000        0.00098        0.00500              1
Psco_960                                      1       -0.13200        0.00000        0.00238        0.00500              1
Psco_1057                                     1        0.81400        0.00000        0.00051        0.00500              1
Psco_963                                      1        0.46800        0.00000        0.00261        0.00500              1
Psco_924                                      1        0.52400        0.00000        0.00115        0.00500              1
Psco_600                                      1        4.97400        0.00000        0.00165        0.00500              1
Psco_813                                      1        0.31800        0.00000        0.00081        0.00500              1
Psco_765                                      1        0.65700        0.00000        0.00008        0.00500              1
Psco_561                                      1        4.90000        0.00000        0.00157        0.00500              1
Psco_681                                      1        2.12600        0.00000       -0.00001        0.00500              1
Psco_806                                      1       -1.47700        0.00000        0.00079        0.00500              1
Psco_783                                      1        1.26200        0.00000       -0.00112        0.00500              1
Psco_515                                      1       -0.88500        0.00000        0.00150        0.00500              1
Psco_707                                      1        1.73000        0.00000        0.00266        0.00500              1
Psco_516                                      1        5.66500        0.00000        0.00225        0.00500              1
Psco_700                                      1        5.66300        0.00000        0.00185        0.00500              1
Psco_785                                      1        1.07200        0.00000        0.00108        0.00500              1
Psco_793                                      1        3.17900        0.00000        0.00386        0.00500              1
Psco_501                                      1        1.37500        0.00000        0.00156        0.00500              1
Psco_517                                      1       -2.59100        0.00000        0.00136        0.00500              1
Psco_614                                      1       -1.15500        0.00000       -0.00091        0.00500              1
Psco_654                                      1       -0.26900       -0.00000        0.00139        0.00500              1
Psco_686                                      1        0.65100        0.00000        0.00211        0.00500              1
Psco_843                                      1        0.56400        0.00000        0.00103        0.00500              1
Psco_615                                      1       -0.07200        0.00000        0.00249        0.00500              1
Psco_804                                      1        8.26600        0.00000        0.00256        0.00500              1
Psco_860                                      1        0.48300        0.00000        0.00184        0.00500              1
Psco_103                                      2        4.01900        0.00000        0.00363        0.00500              1
Psco_127                                      2        0.87900        0.00000        0.00178        0.00500              1
Psco_135                                      2       -0.90000        0.00000        0.00011        0.00500              1
Psco_143                                      2       -4.45300       -0.00000       -0.00038        0.00500              1
Psco_256                                      2       -0.09600        0.00000        0.00157        0.00500              1
Psco_265                                      2       -1.01900        0.00000        0.00290        0.00500              1
Psco_273                                      2       -8.28800        0.00000       -0.00116        0.00500              1
Psco_281                                      2        0.91800        0.00000        0.00212        0.00500              1
Psco_385                                      2       -6.76400        0.00000        0.00033        0.00500              1
Psco_393                                      2       -5.72800        0.00000        0.00030        0.00500              1
Psco_424                                      2       -1.05000        0.00000        0.00234        0.00500              1
Psco_432                                      2        0.18600        0.00000        0.00226        0.00500              1
Psco_440                                      2       -3.49400        0.00000       -0.00094        0.00500              1
Psco_448                                      2        2.80400        0.00000        0.00062        0.00500              1
Psco_456                                      2       -3.57000        0.00000        0.00080        0.00500              1
Psco_480                                      2       -0.07600        0.00000        0.00275        0.00500              1
Psco_104                                      2       -5.79600        0.00000       -0.00214        0.00500              1
Psco_112                                      2        0.14800        0.00000        0.00211        0.00500              1
Psco_120                                      2       -5.31700        0.00000       -0.00032        0.00500              1
Psco_249                                      2       -0.52600        0.00000        0.00155        0.00500              1
Psco_417                                      2        1.16800        0.00000        0.00133        0.00500              1
Psco_425                                      2       -0.16300       -0.00000        0.00292        0.00500              1
Psco_441                                      2       -7.37900        0.00000        0.00060        0.00500              1
Psco_465                                      2        3.72300        0.00000        0.00240        0.00500              1
Psco_489                                      2        1.01900        0.00000        0.00361        0.00500              1
Psco_121                                      2        7.37100        0.00000        0.00324        0.00500              1
Psco_129                                      2       -1.60400        0.00000        0.00210        0.00500              1
Psco_137                                      2       -6.86600        0.00000       -0.00094        0.00500              1
Psco_185                                      2       -9.72800        0.00000       -0.00121        0.00500              1
Psco_490                                      2        5.15600        0.00000        0.00153        0.00500              1
Psco_130                                      2        5.26700        0.00000        0.00393        0.00500              1
Psco_251                                      2        0.06400        0.00000        0.00188        0.00500              1
Psco_332                                      2        2.23000       -0.00000        0.00151        0.00500              1
Psco_219                                      2       -6.44600        0.00000       -0.00053        0.00500              1
Psco_227                                      2        0.50100        0.00000        0.00185        0.00500              1
Psco_243                                      2        5.36500        0.00000        0.00361        0.00500              1
Psco_188                                      2       -3.11900        0.00000       -0.00032        0.00500              1
Psco_318                                      2       -7.14600        0.00000       -0.00043        0.00500              1
Psco_334                                      2       -6.19200        0.00000       -0.00088        0.00500              1
Psco_229                                      2       -3.00300        0.00000       -0.00042        0.00500              1
Psco_237                                      2       -0.84700        0.00000        0.00034        0.00500              1
Psco_287                                      2       -9.38700        0.00000       -0.00071        0.00500              1
Psco_391                                      2       -5.31300        0.00000        0.00129        0.00500              1
Psco_414                                      2       -0.32300        0.00000        0.00212        0.00500              1
Psco_422                                      2       -1.38700        0.00000        0.00137        0.00500              1
Psco_351                                      2        4.04900        0.00000       -0.00087        0.00500              1
Psco_182                                      2        0.34200        0.00000        0.00139        0.00500              1
Psco_447                                      2        4.51200        0.00000        0.00200        0.00500              1
Psco_902                                      2        4.95300        0.00000        0.00139        0.00500              1
Psco_910                                      2        0.48800        0.00000        0.00235        0.00500              1
Psco_926                                      2        0.04000        0.00000        0.00118        0.00500              1
Psco_1038                                     2        0.25500        0.00000        0.00216        0.00500              1
Psco_1046                                     2        0.57600        0.00000        0.00308        0.00500              1
Psco_1054                                     2        0.04400       -0.00000        0.00070        0.00500              1
Psco_974                                      2        3.58100        0.00000        0.00268        0.00500              1
Psco_935                                      2        4.33600        0.00000        0.00036        0.00500              1
Psco_929                                      2       -1.88600       -0.00000        0.00193        0.00500              1
Psco_937                                      2        3.97500       -0.00000        0.00077        0.00500              1
Psco_945                                      2        3.06300        0.00000        0.00007        0.00500              1
Psco_1002                                     2        3.19600        0.00000        0.00124        0.00500              1
Psco_1010                                     2        0.24200        0.00000        0.00110        0.00500              1
Psco_1026                                     2        0.62500        0.00000        0.00201        0.00500              1
Psco_1042                                     2       -1.99400        0.00000        0.00261        0.00500              1
Psco_1058                                     2       -0.90400        0.00000        0.00290        0.00500              1
Psco_987                                      2        5.86800        0.00000        0.00069        0.00500              1
Psco_1005                                     2        0.36400        0.00000       -0.00029        0.00500              1
Psco_1021                                     2        5.56700        0.00000        0.00190        0.00500              1
Psco_512                                      2        1.18500        0.00000        0.00140        0.00500              1
Psco_536                                      2        0.54100        0.00000        0.00234        0.00500              1
Psco_568                                      2        0.19300        0.00000        0.00120        0.00500              1
Psco_696                                      2        0.01400        0.00000        0.00060        0.00500              1
Psco_837                                      2        3.98800        0.00000        0.00242        0.00500              1
Psco_845                                      2        5.87800        0.00000        0.00226        0.00500              1
Psco_861                                      2        5.54300        0.00000       -0.00027        0.00500              1
Psco_617                                      2       -0.70000        0.00000        0.00160        0.00500              1
Psco_665                                      2       -0.02400        0.00000       -0.00004        0.00500              1
Psco_862                                      2        0.29000        0.00000        0.00241        0.00500              1
Psco_759                                      2       -0.08100        0.00000        0.00341        0.00500              1
Psco_767                                      2        5.94000        0.00000        0.00153        0.00500              1
Psco_871                                      2        0.30200        0.00000        0.00163        0.00500              1
Psco_603                                      2       -0.72600        0.00000        0.00071        0.00500              1
Psco_816                                      2        0.84200        0.00000        0.00298        0.00500              1
Psco_832                                      2       -1.10000        0.00000       -0.00109        0.00500              1
Psco_888                                      2        2.49300        0.00000        0.00106        0.00500              1
Psco_604                                      2        0.20900        0.00000        0.00003        0.00500              1
Psco_628                                      2        3.88300        0.00000        0.00210        0.00500              1
Psco_636                                      2       -0.06300        0.00000        0.00200        0.00500              1
Psco_652                                      2        0.94900        0.00000        0.00152        0.00500              1
Psco_849                                      2       -2.69500        0.00000        0.00155        0.00500              1
Psco_865                                      2        7.38100        0.00000        0.00122        0.00500              1
Psco_597                                      2        4.32000        0.00000        0.00122        0.00500              1
Psco_834                                      2       -0.99200        0.00000        0.00184        0.00500              1
Psco_842                                      2        6.73400        0.00000        0.00132        0.00500              1
Psco_566                                      2        1.27700        0.00000        0.00205        0.00500              1
Psco_710                                      2        2.88700        0.00000        0.00236        0.00500              1
Psco_747                                      2        0.83900        0.00000        0.00229        0.00500              1
Psco_771                                      2        6.39200        0.00000        0.00245        0.00500              1
Psco_559                                      2        2.11800        0.00000        0.00258        0.00500              1
Psco_583                                      2        3.42800       -0.00000        0.00240        0.00500              1
Psco_748                                      2        0.07300        0.00000        0.00222        0.00500              1
