                              Id         Gender   SelCriterion AvgCoancestryA AvgCoancestryC   Contribution  nContribution
Psco_884                                      1        8.20410        0.00000        0.01334        0.01500              3
Psco_434                                      1        7.46813        0.00000        0.01339        0.01500              3
Psco_210                                      1        7.80299        0.00000        0.01260        0.01500              3
Psco_317                                      1       10.89538        0.00000        0.01283        0.01500              3
Psco_485                                      1        7.85372        0.00000        0.02959        0.01500              3
Psco_141                                      1        8.00797        0.00000        0.01284        0.01500              3
Psco_446                                      1        8.11091        0.00000        0.01201        0.01500              3
Psco_990                                      1       10.19477        0.00000        0.03088        0.01500              3
Psco_950                                      1        8.17634        0.00000        0.02369        0.01500              3
Psco_928                                      1        8.20172        0.00000        0.01312        0.01500              3
Psco_1009                                     1        6.66155        0.00000        0.01422        0.01500              3
Psco_1017                                     1        8.15256       -0.00000        0.02664        0.01500              3
Psco_1033                                     1        9.69979        0.00000        0.03259        0.01500              3
Psco_930                                      1        6.58836        0.00000        0.00794        0.01500              3
Psco_664                                      1       10.43956        0.00000        0.01461        0.01500              3
Psco_497                                      1        7.26942       -0.00000        0.01077        0.01500              3
Psco_505                                      1        8.74705        0.00000        0.02912        0.01500              3
Psco_561                                      1       10.06707        0.00000        0.02608        0.01500              3
Psco_814                                      1        8.22490        0.00000        0.01689        0.01500              3
Psco_830                                      1        8.48510        0.00000        0.02714        0.01500              3
Psco_766                                      1        7.62185        0.00000        0.01350        0.01500              3
Psco_791                                      1       10.54760        0.00000        0.02925        0.01500              3
Psco_499                                      1        7.23321        0.00000        0.01133        0.01500              3
Psco_523                                      1        7.47891        0.00000        0.01049        0.01500              3
Psco_531                                      1        8.48618        0.00000        0.03070        0.01500              3
Psco_699                                      1        8.90110        0.00000        0.02574        0.01500              3
Psco_500                                      1        9.42145       -0.00000        0.03098        0.01500              3
Psco_508                                      1        6.55579        0.00000        0.01229        0.01500              3
Psco_564                                      1        6.98819        0.00000        0.01004        0.01500              3
Psco_746                                      1        7.17138        0.00000        0.01252        0.01500              3
Psco_866                                      1        7.64401        0.00000        0.01435        0.01500              3
Psco_756                                      1        8.50102        0.00000        0.02382        0.01500              3
Psco_781                                      1        6.50906        0.00000        0.01058        0.01000              2
Psco_577                                      1        7.19774        0.00000        0.02319        0.01000              2
Psco_780                                      2        4.72130        0.00000        0.00966        0.00500              1
Psco_448                                      2        7.85437        0.00000        0.02462        0.00500              1
Psco_488                                      2        4.72125        0.00000        0.00986        0.00500              1
Psco_473                                      2        6.52566        0.00000        0.01223        0.00500              1
Psco_481                                      2        3.51403        0.00000        0.00347        0.00500              1
Psco_489                                      2        4.64693        0.00000        0.00903        0.00500              1
Psco_121                                      2        8.38841        0.00000        0.01057        0.00500              1
Psco_315                                      2        5.36472        0.00000        0.00658        0.00500              1
Psco_466                                      2        6.81102        0.00000        0.01312        0.00500              1
Psco_356                                      2        5.29425        0.00000        0.01476        0.00500              1
Psco_428                                      2        6.54993        0.00000        0.02776        0.00500              1
Psco_436                                      2        4.29853        0.00000        0.01396        0.00500              1
Psco_452                                      2        5.65333        0.00000        0.02072        0.00500              1
Psco_484                                      2        3.51394        0.00000       -0.00205        0.00500              1
Psco_172                                      2        4.41201        0.00000        0.01479        0.00500              1
Psco_205                                      2        4.78503        0.00000        0.01105        0.00500              1
Psco_254                                      2        4.61829        0.00000        0.01394        0.00500              1
Psco_423                                      2        5.97097        0.00000        0.01162        0.00500              1
Psco_447                                      2        5.08015        0.00000        0.01077        0.00500              1
Psco_463                                      2        9.53471        0.00000        0.02518        0.00500              1
Psco_471                                      2        5.99767        0.00000        0.01704        0.00500              1
Psco_974                                      2        8.58192        0.00000        0.02958        0.00500              1
Psco_895                                      2        8.38956        0.00000        0.02224        0.00500              1
Psco_943                                      2        5.17163        0.00000       -0.00230        0.00500              1
Psco_951                                      2        5.84055        0.00000        0.01559        0.00500              1
Psco_959                                      2        4.13213        0.00000        0.01047        0.00500              1
Psco_992                                      2        3.76441        0.00000        0.00779        0.00500              1
Psco_1032                                     2        4.44975        0.00000        0.01084        0.00500              1
Psco_1040                                     2        9.52955        0.00000        0.02995        0.00500              1
Psco_913                                      2        4.33312        0.00000        0.00666        0.00500              1
Psco_937                                      2        6.82539       -0.00000        0.02016        0.00500              1
Psco_1050                                     2        6.17488        0.00000        0.02991        0.00500              1
Psco_899                                      2        7.03092        0.00000        0.01848        0.00500              1
Psco_907                                      2        6.57966        0.00000        0.01169        0.00500              1
Psco_923                                      2        4.93091        0.00000        0.00960        0.00500              1
Psco_947                                      2        7.28698        0.00000        0.03191        0.00500              1
Psco_987                                      2        4.31939        0.00000        0.00606        0.00500              1
Psco_1028                                     2        4.94842        0.00000        0.01148        0.00500              1
Psco_1044                                     2        7.24129       -0.00000        0.02843        0.00500              1
Psco_1021                                     2        9.85581        0.00000        0.02839        0.00500              1
Psco_1037                                     2        8.21798        0.00000        0.03059        0.00500              1
Psco_1053                                     2        3.92565       -0.00000        0.00501        0.00500              1
Psco_989                                      2        4.84260        0.00000        0.00933        0.00500              1
Psco_512                                      2        5.64562        0.00000        0.01830        0.00500              1
Psco_552                                      2        6.36646        0.00000        0.00805        0.00500              1
Psco_576                                      2        5.90196        0.00000        0.00062        0.00500              1
Psco_688                                      2        6.63816        0.00000        0.02574        0.00500              1
Psco_845                                      2        4.47427        0.00000        0.00280        0.00500              1
Psco_853                                      2        5.16141        0.00000        0.02641        0.00500              1
Psco_877                                      2        4.13268       -0.00000        0.00618        0.00500              1
Psco_885                                      2        5.26812       -0.00000        0.00979        0.00500              1
Psco_633                                      2        4.42784        0.00000        0.01722        0.00500              1
Psco_641                                      2        5.86221        0.00000        0.01052        0.00500              1
Psco_649                                      2        6.95907        0.00000        0.03217        0.00500              1
Psco_585                                      2        7.85518        0.00000        0.01041        0.00500              1
Psco_713                                      2        5.38083        0.00000        0.01066        0.00500              1
Psco_838                                      2        5.48228        0.00000        0.02137        0.00500              1
Psco_854                                      2        6.71231        0.00000        0.03020        0.00500              1
Psco_658                                      2        3.62850       -0.00000        0.00444        0.00500              1
Psco_815                                      2        5.52385        0.00000        0.01103        0.00500              1
Psco_823                                      2        5.75976        0.00000        0.01116        0.00500              1
Psco_767                                      2        7.91419        0.00000        0.01289        0.00500              1
Psco_879                                      2        6.01410        0.00000        0.01434        0.00500              1
Psco_887                                      2        7.50106        0.00000        0.03087        0.00500              1
Psco_635                                      2        6.22919        0.00000        0.01835        0.00500              1
Psco_800                                      2        4.15799        0.00000        0.01405        0.00500              1
Psco_824                                      2        8.64960        0.00000        0.03069        0.00500              1
Psco_856                                      2        6.54505        0.00000        0.01250        0.00500              1
Psco_864                                      2        4.34986        0.00000        0.01238        0.00500              1
Psco_872                                      2        4.45833        0.00000        0.00316        0.00500              1
Psco_596                                      2        7.05623        0.00000        0.02500        0.00500              1
Psco_612                                      2        8.61582        0.00000        0.03012        0.00500              1
Psco_628                                      2        9.59065        0.00000        0.03026        0.00500              1
Psco_668                                      2        5.33156        0.00000        0.00560        0.00500              1
Psco_801                                      2        4.44795        0.00000        0.00760        0.00500              1
Psco_817                                      2        8.17170        0.00000        0.02795        0.00500              1
Psco_857                                      2        5.79180        0.00000        0.02839        0.00500              1
Psco_865                                      2       10.59284        0.00000        0.01973        0.00500              1
Psco_873                                      2        3.77040        0.00000       -0.00153        0.00500              1
Psco_889                                      2        7.01167        0.00000        0.01366        0.00500              1
Psco_597                                      2        4.56892        0.00000        0.00828        0.00500              1
Psco_605                                      2        9.10975        0.00000        0.01232        0.00500              1
Psco_621                                      2        5.20617        0.00000        0.02207        0.00500              1
Psco_637                                      2        4.92580        0.00000        0.02220        0.00500              1
Psco_669                                      2        5.30613        0.00000        0.00659        0.00500              1
Psco_510                                      2        8.50549       -0.00000        0.00850        0.00500              1
Psco_526                                      2        5.31506        0.00000        0.01788        0.00500              1
Psco_550                                      2        6.33684        0.00000        0.01616        0.00500              1
Psco_566                                      2        4.82120        0.00000        0.01381        0.00500              1
Psco_590                                      2        4.76011        0.00000        0.01746        0.00500              1
Psco_694                                      2        7.83237        0.00000        0.02036        0.00500              1
Psco_702                                      2        5.34159        0.00000        0.02000        0.00500              1
Psco_718                                      2        7.19325        0.00000        0.01633        0.00500              1
Psco_771                                      2        4.26476        0.00000       -0.00016        0.00500              1
Psco_787                                      2        9.54596        0.00000        0.02744        0.00500              1
Psco_527                                      2        8.25162        0.00000        0.01615        0.00500              1
Psco_559                                      2        6.36064        0.00000        0.02841        0.00500              1
Psco_583                                      2        5.92870       -0.00000        0.01063        0.00500              1
Psco_695                                      2        5.94869        0.00000        0.02593        0.00500              1
Psco_727                                      2        4.33122        0.00000        0.00807        0.00500              1
