                              Id         Gender   SelCriterion AvgCoancestryA AvgCoancestryC   Contribution  nContribution
Psco_884                                      1        8.20410        0.00000        0.01297        0.01500              3
Psco_434                                      1        7.46813        0.00000        0.01212        0.01500              3
Psco_210                                      1        7.80299        0.00000        0.01166        0.01500              3
Psco_317                                      1       10.89538        0.00000        0.01222        0.01500              3
Psco_485                                      1        7.85372        0.00000        0.03700        0.01500              3
Psco_141                                      1        8.00797        0.00000        0.01246        0.01500              3
Psco_446                                      1        8.11091        0.00000        0.01097        0.01500              3
Psco_990                                      1       10.19477        0.00000        0.03694        0.01500              3
Psco_950                                      1        8.17634        0.00000        0.02470        0.01500              3
Psco_928                                      1        8.20172        0.00000        0.01277        0.01500              3
Psco_1017                                     1        8.15256       -0.00000        0.03226        0.01500              3
Psco_1033                                     1        9.69979        0.00000        0.03925        0.01500              3
Psco_664                                      1       10.43956        0.00000        0.01421        0.01500              3
Psco_680                                      1        6.97754        0.00000        0.03599        0.01500              3
Psco_497                                      1        7.26942       -0.00000        0.01340        0.01500              3
Psco_505                                      1        8.74705        0.00000        0.03616        0.01500              3
Psco_561                                      1       10.06707        0.00000        0.02749        0.01500              3
Psco_569                                      1        7.08021        0.00000        0.03725        0.01500              3
Psco_577                                      1        7.19774        0.00000        0.02788        0.01500              3
Psco_814                                      1        8.22490        0.00000        0.01565        0.01500              3
Psco_830                                      1        8.48510        0.00000        0.03303        0.01500              3
Psco_766                                      1        7.62185        0.00000        0.01300        0.01500              3
Psco_799                                      1        6.85686        0.00000        0.02842        0.01500              3
Psco_791                                      1       10.54760        0.00000        0.03487        0.01500              3
Psco_499                                      1        7.23321        0.00000        0.00999        0.01500              3
Psco_523                                      1        7.47891        0.00000        0.01227        0.01500              3
Psco_531                                      1        8.48618        0.00000        0.03762        0.01500              3
Psco_699                                      1        8.90110        0.00000        0.02718        0.01500              3
Psco_500                                      1        9.42145       -0.00000        0.03752        0.01500              3
Psco_564                                      1        6.98819        0.00000        0.00966        0.01500              3
Psco_746                                      1        7.17138        0.00000        0.01188        0.01500              3
Psco_866                                      1        7.64401        0.00000        0.01795        0.01500              3
Psco_756                                      1        8.50102        0.00000        0.02532        0.01500              3
Psco_761                                      1        6.84534        0.00000        0.01688        0.00500              1
Psco_780                                      2        4.72130        0.00000        0.01447        0.00500              1
Psco_448                                      2        7.85437        0.00000        0.02597        0.00500              1
Psco_488                                      2        4.72125        0.00000        0.00782        0.00500              1
Psco_473                                      2        6.52566        0.00000        0.00917        0.00500              1
Psco_489                                      2        4.64693        0.00000        0.00683        0.00500              1
Psco_121                                      2        8.38841        0.00000        0.00959        0.00500              1
Psco_315                                      2        5.36472        0.00000        0.00696        0.00500              1
Psco_466                                      2        6.81102        0.00000        0.01559        0.00500              1
Psco_356                                      2        5.29425        0.00000        0.01473        0.00500              1
Psco_428                                      2        6.54993        0.00000        0.03354        0.00500              1
Psco_436                                      2        4.29853        0.00000        0.01691        0.00500              1
Psco_452                                      2        5.65333        0.00000        0.02087        0.00500              1
Psco_172                                      2        4.41201        0.00000        0.01484        0.00500              1
Psco_205                                      2        4.78503        0.00000        0.01048        0.00500              1
Psco_254                                      2        4.61829        0.00000        0.01474        0.00500              1
Psco_414                                      2        4.27111        0.00000        0.03395        0.00500              1
Psco_423                                      2        5.97097        0.00000        0.01365        0.00500              1
Psco_447                                      2        5.08015        0.00000        0.00794        0.00500              1
Psco_463                                      2        9.53471        0.00000        0.02730        0.00500              1
Psco_471                                      2        5.99767        0.00000        0.01623        0.00500              1
Psco_974                                      2        8.58192        0.00000        0.03514        0.00500              1
Psco_895                                      2        8.38956        0.00000        0.02335        0.00500              1
Psco_943                                      2        5.17163        0.00000       -0.00487        0.00500              1
Psco_951                                      2        5.84055        0.00000        0.01791        0.00500              1
Psco_1032                                     2        4.44975        0.00000        0.00937        0.00500              1
Psco_1040                                     2        9.52955        0.00000        0.03610        0.00500              1
Psco_913                                      2        4.33312        0.00000        0.00611        0.00500              1
Psco_937                                      2        6.82539       -0.00000        0.02308        0.00500              1
Psco_1050                                     2        6.17488        0.00000        0.03650        0.00500              1
Psco_899                                      2        7.03092        0.00000        0.01930        0.00500              1
Psco_907                                      2        6.57966        0.00000        0.01014        0.00500              1
Psco_923                                      2        4.93091        0.00000        0.00456        0.00500              1
Psco_947                                      2        7.28698        0.00000        0.03957        0.00500              1
Psco_987                                      2        4.31939        0.00000        0.00422        0.00500              1
Psco_1028                                     2        4.94842        0.00000        0.00966        0.00500              1
Psco_1044                                     2        7.24129       -0.00000        0.03397        0.00500              1
Psco_1021                                     2        9.85581        0.00000        0.03470        0.00500              1
Psco_1037                                     2        8.21798        0.00000        0.03681        0.00500              1
Psco_989                                      2        4.84260        0.00000        0.00394        0.00500              1
Psco_512                                      2        5.64562        0.00000        0.01929        0.00500              1
Psco_552                                      2        6.36646        0.00000        0.00667        0.00500              1
Psco_576                                      2        5.90196        0.00000       -0.00138        0.00500              1
Psco_688                                      2        6.63816        0.00000        0.02784        0.00500              1
Psco_696                                      2        4.26263        0.00000        0.02489        0.00500              1
Psco_845                                      2        4.47427        0.00000        0.00134        0.00500              1
Psco_853                                      2        5.16141        0.00000        0.03375        0.00500              1
Psco_877                                      2        4.13268       -0.00000        0.00412        0.00500              1
Psco_885                                      2        5.26812       -0.00000        0.00806        0.00500              1
Psco_633                                      2        4.42784        0.00000        0.01838        0.00500              1
Psco_641                                      2        5.86221        0.00000        0.00600        0.00500              1
Psco_649                                      2        6.95907        0.00000        0.04006        0.00500              1
Psco_665                                      2        4.84928        0.00000        0.02929        0.00500              1
Psco_585                                      2        7.85518        0.00000        0.00918        0.00500              1
Psco_713                                      2        5.38083        0.00000        0.00714        0.00500              1
Psco_838                                      2        5.48228        0.00000        0.02386        0.00500              1
Psco_854                                      2        6.71231        0.00000        0.03825        0.00500              1
Psco_815                                      2        5.52385        0.00000        0.00950        0.00500              1
Psco_823                                      2        5.75976        0.00000        0.01423        0.00500              1
Psco_767                                      2        7.91419        0.00000        0.01224        0.00500              1
Psco_879                                      2        6.01410        0.00000        0.01374        0.00500              1
Psco_887                                      2        7.50106        0.00000        0.03720        0.00500              1
Psco_635                                      2        6.22919        0.00000        0.01881        0.00500              1
Psco_800                                      2        4.15799        0.00000        0.01413        0.00500              1
Psco_824                                      2        8.64960        0.00000        0.03742        0.00500              1
Psco_856                                      2        6.54505        0.00000        0.01412        0.00500              1
Psco_864                                      2        4.34986        0.00000        0.01277        0.00500              1
Psco_872                                      2        4.45833        0.00000        0.00196        0.00500              1
Psco_888                                      2        4.31198        0.00000        0.01754        0.00500              1
Psco_596                                      2        7.05623        0.00000        0.02711        0.00500              1
Psco_612                                      2        8.61582        0.00000        0.03778        0.00500              1
Psco_628                                      2        9.59065        0.00000        0.03911        0.00500              1
Psco_636                                      2        4.51599        0.00000        0.03532        0.00500              1
Psco_668                                      2        5.33156        0.00000        0.00153        0.00500              1
Psco_801                                      2        4.44795        0.00000        0.00811        0.00500              1
Psco_817                                      2        8.17170        0.00000        0.03428        0.00500              1
Psco_857                                      2        5.79180        0.00000        0.03513        0.00500              1
Psco_865                                      2       10.59284        0.00000        0.01899        0.00500              1
Psco_889                                      2        7.01167        0.00000        0.01240        0.00500              1
Psco_597                                      2        4.56892        0.00000        0.00691        0.00500              1
Psco_605                                      2        9.10975        0.00000        0.01366        0.00500              1
Psco_621                                      2        5.20617        0.00000        0.02369        0.00500              1
Psco_637                                      2        4.92580        0.00000        0.02941        0.00500              1
Psco_669                                      2        5.30613        0.00000        0.00335        0.00500              1
Psco_850                                      2        4.19552        0.00000        0.00643        0.00500              1
Psco_510                                      2        8.50549       -0.00000        0.00650        0.00500              1
Psco_526                                      2        5.31506        0.00000        0.01948        0.00500              1
Psco_550                                      2        6.33684        0.00000        0.01997        0.00500              1
Psco_566                                      2        4.82120        0.00000        0.01209        0.00500              1
Psco_574                                      2        4.24631        0.00000        0.02181        0.00500              1
Psco_590                                      2        4.76011        0.00000        0.01820        0.00500              1
Psco_694                                      2        7.83237        0.00000        0.02417        0.00500              1
Psco_702                                      2        5.34159        0.00000        0.02711        0.00500              1
Psco_718                                      2        7.19325        0.00000        0.01574        0.00500              1
Psco_771                                      2        4.26476        0.00000       -0.00105        0.00500              1
Psco_787                                      2        9.54596        0.00000        0.02952        0.00500              1
Psco_527                                      2        8.25162        0.00000        0.01460        0.00500              1
Psco_559                                      2        6.36064        0.00000        0.03306        0.00500              1
Psco_583                                      2        5.92870       -0.00000        0.01005        0.00500              1
Psco_695                                      2        5.94869        0.00000        0.03324        0.00500              1
Psco_727                                      2        4.33122        0.00000        0.00760        0.00500              1
