        Iteration        AcceptPct        Objective        Penalties   FrontierDegree     SelCriterion  SelCriterionStd  MaxSelCriterPct       Coancestry   CoancestryRate MinCoancestryPct       Inbreeding   InbreedingRate MinInbreedingPct
                0              NaN          0.16592          0.00000         83.16396          0.52171          0.10044          5.67475          0.01255          0.01255         47.33657          0.01076          0.03057              NaN
                1         51.80723          0.43199          0.00000         80.34792          1.16575          0.22443         14.77504          0.00374          0.00374         86.87497         -0.00237          0.01770              NaN
              103          6.22490          0.97150          0.00000         70.01099          2.47164          0.47583         33.22741          0.00275          0.00275         91.34605         -0.00802          0.01216              NaN
              218          2.20884          0.98125          0.00000         70.01965          2.49522          0.48037         33.56057          0.00253          0.00253         92.30537          0.00966          0.02950              NaN
              351          1.40562          0.99360          0.00000         70.00009          2.52512          0.48612         33.98302          0.00230          0.00230         93.36802         -0.00601          0.01413              NaN
              452          2.61044          0.99976          0.00000         70.02763          2.54002          0.48899         34.19367          0.00214          0.00214         94.08749         -0.00517          0.01496              NaN
              577          1.20482          1.00240          0.00000         70.03950          2.54642          0.49023         34.28408          0.00207          0.00207         94.39720          0.01127          0.03107              NaN
              691          2.00803          1.00866          0.00000         70.00404          2.56157          0.49314         34.49806          0.00198          0.00198         94.80343         -0.00989          0.01033              NaN
              822          2.00803          1.01142          0.00000         70.02695          2.56826          0.49443         34.59270          0.00189          0.00189         95.18195         -0.00689          0.01328              NaN
              953          1.00402          1.01408          0.00000         70.02946          2.57469          0.49567         34.68351          0.00184          0.00184         95.44484         -0.00147          0.01858              NaN
             1056          2.00803          1.01468          0.00000         70.03087          2.57614          0.49595         34.70404          0.00182          0.00182         95.50866         -0.00591          0.01423              NaN
             1198          1.40562          1.01911          0.00000         70.00407          2.58686          0.49801         34.85549          0.00176          0.00176         95.78585          0.00102          0.02102              NaN
             1300          0.60241          1.01911          0.00000         70.00407          2.58686          0.49801         34.85549          0.00176          0.00176         95.78585          0.00102          0.02102              NaN
