        Iteration        AcceptPct        Objective        Penalties   FrontierDegree     SelCriterion  SelCriterionStd  MaxSelCriterPct       Coancestry   CoancestryRate MinCoancestryPct       Inbreeding   InbreedingRate MinInbreedingPct
                0              NaN          0.90141          0.00000         30.52026          4.53677          1.10964         78.06452          0.01170          0.01170         46.02070          0.00142          0.02142              NaN
              100         18.27309          1.01954          0.00000         30.02087          5.11483          1.25103         88.29497          0.01069          0.01069         51.02002          0.00529          0.02521              NaN
              201         10.44177          1.04231          0.00000         30.02708          5.22626          1.27829         90.26704          0.01046          0.01046         52.17260          0.00243          0.02241              NaN
              302          7.63052          1.05073          0.00000         30.00369          5.26744          1.28836         90.99584          0.01039          0.01039         52.54430         -0.00294          0.01714              NaN
              403         12.65060          1.06535          0.00000         30.13368          5.33899          1.30586         92.26213          0.01018          0.01018         53.55497          0.01246          0.03223              NaN
              508          8.03213          1.07012          0.00000         30.01080          5.36233          1.31157         92.67520          0.01019          0.01019         53.52934          0.00270          0.02267              NaN
              611         11.64659          1.07295          0.00000         30.00326          5.37620          1.31496         92.92058          0.01016          0.01016         53.65476          0.00351          0.02346              NaN
              714          3.21285          1.07529          0.00000         30.00094          5.38763          1.31776         93.12295          0.01014          0.01014         53.76660          0.00249          0.02247              NaN
              800         36.14458          1.07585          0.00000         30.00868          5.39036          1.31843         93.17127          0.01013          0.01013         53.81128         -0.00357          0.01653              NaN
