        Iteration        AcceptPct        Objective        Penalties   FrontierDegree     SelCriterion  SelCriterionStd  MaxSelCriterPct       Coancestry   CoancestryRate MinCoancestryPct       Inbreeding   InbreedingRate MinInbreedingPct
                0              NaN          0.03447          0.00000         88.81983          0.22321          0.05455          1.72351          0.00411          0.00411         83.66257          0.00591          0.02582              NaN
                1         52.81125          0.21927          0.00000         82.67470          0.74530          0.18225         10.96349          0.00379          0.00379         85.28468         -0.00625          0.01391              NaN
              114          6.22490          0.98693          0.00000         60.09592          2.91409          0.71274         49.34651          0.00368          0.00368         85.80206          0.00506          0.02499              NaN
              219          5.42169          1.01623          0.00000         60.08629          2.99686          0.73298         50.81127          0.00318          0.00318         88.31458         -0.00410          0.01601              NaN
              349          4.01606          1.03017          0.00000         60.00438          3.03625          0.74262         51.50848          0.00299          0.00299         89.23105         -0.00816          0.01203              NaN
              451          2.40964          1.03605          0.00000         60.04732          3.05285          0.74668         51.80226          0.00286          0.00286         89.89555         -0.00780          0.01238              NaN
              607          1.80723          1.04394          0.00000         60.01586          3.07517          0.75214         52.19719          0.00274          0.00274         90.46600          0.00284          0.02281              NaN
              719          2.81124          1.04791          0.00000         60.00888          3.08637          0.75488         52.39550          0.00268          0.00268         90.78417          0.00131          0.02131              NaN
              828          2.00803          1.05035          0.00000         60.00337          3.09325          0.75656         52.51726          0.00264          0.00264         90.97491          0.00010          0.02013              NaN
              985          2.81124          1.05502          0.00000         60.05031          3.10645          0.75979         52.75087          0.00252          0.00252         91.55276         -0.00583          0.01431              NaN
             1114          1.60643          1.05713          0.00000         60.01230          3.11243          0.76125         52.85662          0.00252          0.00252         91.59575          0.00203          0.02201              NaN
             1214          2.61044          1.05915          0.00000         60.01461          3.11813          0.76264         52.95749          0.00248          0.00248         91.77912         -0.00364          0.01646              NaN
             1300          2.00803          1.05915          0.00000         60.01461          3.11813          0.76264         52.95749          0.00248          0.00248         91.77912         -0.00364          0.01646              NaN
