        Iteration        AcceptPct        Objective        Penalties   FrontierDegree     SelCriterion  SelCriterionStd  MaxSelCriterPct       Coancestry   CoancestryRate MinCoancestryPct       Inbreeding   InbreedingRate MinInbreedingPct
                0              NaN          0.06878          0.00000         86.52491          0.49299          0.09491          5.26887          0.00377          0.00377         86.76434         -0.00787          0.01232              NaN
                1         46.78715          0.20029          0.00000         75.09508          1.20594          0.23216         15.34292          0.01025          0.01025         57.64301          0.00037          0.02039              NaN
              101         21.88755          0.95018          0.00000         40.13356          5.27137          1.01482         72.78787          0.00942          0.00942         61.36598          0.00009          0.02011              NaN
              201         14.65863          1.01194          0.00000         40.07426          5.60621          1.07928         77.51924          0.00857          0.00857         65.21776         -0.00452          0.01560              NaN
              313         10.64257          1.03776          0.00000         40.06957          5.74617          1.10623         79.49692          0.00820          0.00820         66.87050         -0.00475          0.01537              NaN
              419          9.63855          1.05340          0.00000         40.00249          5.83098          1.12256         80.69528          0.00801          0.00801         67.71736         -0.00086          0.01919              NaN
              519          6.62651          1.06163          0.00000         40.00275          5.87557          1.13114         81.32524          0.00789          0.00789         68.24662         -0.00403          0.01607              NaN
              619          7.63052          1.06856          0.00000         40.04146          5.91314          1.13837         81.85612          0.00777          0.00777         68.78643          0.00887          0.02872              NaN
              719          6.42570          1.07544          0.00000         40.04718          5.95044          1.14555         82.38324          0.00767          0.00767         69.24343          0.01165          0.03144              NaN
              824          4.01606          1.07983          0.00000         40.01182          5.97427          1.15014         82.72000          0.00763          0.00763         69.43940         -0.00221          0.01786              NaN
              926          5.22088          1.08296          0.00000         40.00475          5.99122          1.15340         82.95949          0.00759          0.00759         69.62300         -0.00217          0.01790              NaN
             1026          6.42570          1.08586          0.00000         40.00274          6.00696          1.15644         83.18190          0.00755          0.00755         69.80468          0.00367          0.02362              NaN
             1128          5.02008          1.08867          0.00000         40.01695          6.02220          1.15937         83.39720          0.00750          0.00750         70.02062          0.00269          0.02266              NaN
             1230          7.83133          1.09175          0.00000         40.00337          6.03887          1.16258         83.63275          0.00746          0.00746         70.18458          0.00041          0.02043              NaN
             1400          2.00803          1.09178          0.00000         40.00055          6.03904          1.16261         83.63513          0.00746          0.00746         70.17958         -0.00381          0.01629              NaN
