        Iteration        AcceptPct        Objective        Penalties   FrontierDegree     SelCriterion  SelCriterionStd  MaxSelCriterPct       Coancestry   CoancestryRate MinCoancestryPct       Inbreeding   InbreedingRate MinInbreedingPct
                0              NaN          0.04650          0.00000         87.93896          0.29471          0.07204          2.98900          0.00424          0.00424         83.05657          0.00605          0.02595              NaN
                1         49.79920          0.17487          0.00000         82.57021          0.76095          0.18608         11.24046          0.00360          0.00360         86.19591          0.00627          0.02617              NaN
              106         10.64257          1.01426          0.00000         50.05808          3.80961          0.93178         65.19532          0.00528          0.00528         77.85690         -0.00400          0.01611              NaN
              208          6.22490          1.03452          0.00000         50.06166          3.88320          0.94978         66.49771          0.00497          0.00497         79.42231         -0.00687          0.01329              NaN
              317          5.82329          1.05020          0.00000         50.03131          3.94014          0.96371         67.50552          0.00474          0.00474         80.53929          0.00691          0.02680              NaN
              417          7.02811          1.05958          0.00000         50.03066          3.97420          0.97204         68.10822          0.00460          0.00460         81.25649         -0.00386          0.01624              NaN
              528          5.02008          1.06581          0.00000         50.01855          3.99684          0.97758         68.50890          0.00451          0.00451         81.69944         -0.00300          0.01709              NaN
              667          3.41365          1.07485          0.00000         50.02315          4.02967          0.98561         69.08992          0.00437          0.00437         82.40575         -0.00234          0.01773              NaN
              783          5.02008          1.07951          0.00000         50.00363          4.04660          0.98975         69.38955          0.00431          0.00431         82.70587         -0.00363          0.01647              NaN
              883          3.61446          1.08489          0.00000         50.02320          4.06613          0.99452         69.73510          0.00421          0.00421         83.17544          0.00334          0.02330              NaN
              985          5.62249          1.08866          0.00000         50.00154          4.07983          0.99788         69.97765          0.00417          0.00417         83.40066         -0.00223          0.01784              NaN
             1087          4.01606          1.09330          0.00000         50.03842          4.09668          1.00200         70.27577          0.00407          0.00407         83.86554         -0.00120          0.01885              NaN
             1193          3.21285          1.09606          0.00000         50.01000          4.10670          1.00445         70.45310          0.00405          0.00405         83.99250         -0.00157          0.01849              NaN
             1293         12.65060          1.09954          0.00000         50.01159          4.11935          1.00754         70.67707          0.00399          0.00399         84.26426          0.01935          0.03899              NaN
             1401         30.72289          1.10126          0.00000         50.01252          4.12560          1.00907         70.78759          0.00397          0.00397         84.39880          0.00141          0.02141              NaN
             1501         25.10040          1.10314          0.00000         50.01122          4.13244          1.01074         70.90865          0.00394          0.00394         84.53925         -0.00045          0.01958              NaN
             1609         48.39357          1.10458          0.00000         50.00088          4.13767          1.01202         71.00129          0.00392          0.00392         84.61870          0.00756          0.02744              NaN
             1700         53.81526          1.10467          0.00000         50.00667          4.13800          1.01210         71.00713          0.00392          0.00392         84.64303          0.00175          0.02174              NaN
