            Target        Iteration        AcceptPct        Objective        Penalties   FrontierDegree     SelCriterion  SelCriterionStd  MaxSelCriterPct       Coancestry   CoancestryRate MinCoancestryPct       Inbreeding   InbreedingRate MinInbreedingPct
 ModeMinCoancestry               -1              NaN         -0.00082          0.00000              NaN          0.12011          0.02312              NaN          0.00082          0.00082              NaN         -0.00013          0.01990              NaN
  ModeMaxCriterion               -1              NaN          0.12717          0.00000              NaN          7.19720          1.38557              NaN          0.02309          0.02309              NaN          0.00444          0.02438              NaN
          ModeOpt1               -1              NaN          1.00000          0.00000          0.00000          7.19720          1.38557        100.00000          0.02309          0.02309          0.00000          0.00444          0.02438              NaN
          ModeOpt2               -1              NaN          1.00915          0.00000         10.02955          7.15342          1.37715         99.38142          0.01918          0.01918         17.57649          0.01244          0.03222              NaN
          ModeOpt3               -1              NaN          1.02916          0.00000         20.00677          6.96435          1.34075         96.70982          0.01525          0.01525         35.21245          0.01555          0.03526              NaN
          ModeOpt4               -1              NaN          1.06269          0.00000         30.01079          6.63328          1.27701         92.03176          0.01125          0.01125         53.15767          0.01816          0.03783              NaN
          ModeOpt5               -1              NaN          1.09178          0.00000         40.00055          6.03904          1.16261         83.63513          0.00746          0.00746         70.17958         -0.00381          0.01629              NaN
          ModeOpt6               -1              NaN          1.09119          0.00000         50.02116          5.08401          0.97875         70.14047          0.00446          0.00446         83.65288         -0.00497          0.01516              NaN
          ModeOpt7               -1              NaN          1.04247          0.00000         60.01028          3.80893          0.73328         52.12346          0.00298          0.00298         90.31791          0.00005          0.02008              NaN
          ModeOpt8               -1              NaN          1.01911          0.00000         70.00407          2.58686          0.49801         34.85549          0.00176          0.00176         95.78585          0.00102          0.02102              NaN
          ModeOpt9               -1              NaN          0.97757          0.00000         80.03249          1.32146          0.25440         16.97530          0.00158          0.00158         96.59194         -0.00680          0.01336              NaN
         ModeOpt10               -1              NaN          0.00000          0.00000         90.00000          0.12011          0.02312          0.00000          0.00082          0.00082        100.00000         -0.00013          0.01990              NaN
