                              Id         Gender   SelCriterion AvgCoancestryA AvgCoancestryC   Contribution  nContribution
Psco_1033                                     1        9.69979        0.00000        0.00187        0.01500              3
Psco_784                                      1        6.04218        0.00000       -0.00297        0.01500              3
Psco_223                                      1       -0.38772        0.00000       -0.00084        0.01000              2
Psco_170                                      1        5.71212        0.00000        0.00251        0.01000              2
Psco_292                                      1       -0.30287        0.00000       -0.00345        0.01000              2
Psco_295                                      1       -1.33858        0.00000       -0.00271        0.01000              2
Psco_990                                      1       10.19477        0.00000        0.00172        0.01000              2
Psco_928                                      1        8.20172        0.00000        0.00415        0.01000              2
Psco_1040                                     1        9.52955        0.00000       -0.00021        0.01000              2
Psco_984                                      1        4.19060        0.00000        0.00272        0.01000              2
Psco_930                                      1        6.58836        0.00000       -0.00168        0.01000              2
Psco_899                                      1        7.03092        0.00000        0.00338        0.01000              2
Psco_1021                                     1        9.85581        0.00000        0.00068        0.01000              2
Psco_797                                      1        6.16326        0.00000        0.00235        0.01000              2
Psco_497                                      1        7.26942        0.00000        0.00116        0.01000              2
Psco_529                                      1        5.40143        0.00000       -0.00185        0.01000              2
Psco_561                                      1       10.06707        0.00000        0.00535        0.01000              2
Psco_531                                      1        8.48618        0.00000        0.00237        0.01000              2
Psco_856                                      1        6.54505        0.00000        0.00145        0.01000              2
Psco_628                                      1        9.59065        0.00000        0.00021        0.01000              2
Psco_745                                      1        6.11009        0.00000       -0.00150        0.01000              2
Psco_865                                      1       10.59284        0.00000        0.00502        0.01000              2
Psco_510                                      1        8.50549        0.00000        0.00443        0.01000              2
Psco_599                                      1        3.57307        0.00000        0.00213        0.01000              2
Psco_175                                      1      -11.45693        0.00000       -0.00473        0.00500              1
Psco_183                                      1        2.42167        0.00000        0.00266        0.00500              1
Psco_305                                      1        5.21946        0.00000        0.00207        0.00500              1
Psco_369                                      1       -3.31727        0.00000       -0.00314        0.00500              1
Psco_216                                      1        3.37328        0.00000        0.00181        0.00500              1
Psco_330                                      1        3.62511        0.00000        0.00313        0.00500              1
Psco_258                                      1       -6.86367       -0.00000       -0.00082        0.00500              1
Psco_426                                      1        3.96427        0.00000        0.00297        0.00500              1
Psco_435                                      1        5.62904        0.00000        0.00053        0.00500              1
Psco_459                                      1        5.03057       -0.00000        0.00498        0.00500              1
Psco_483                                      1        4.53379        0.00000        0.00249        0.00500              1
Psco_139                                      1      -11.58602        0.00000       -0.00418        0.00500              1
Psco_365                                      1        4.83957        0.00000        0.00486        0.00500              1
Psco_262                                      1       -8.33810       -0.00000       -0.00403        0.00500              1
Psco_453                                      1        6.09350        0.00000        0.00182        0.00500              1
Psco_469                                      1        5.59313        0.00000        0.00371        0.00500              1
Psco_133                                      1       -5.64503        0.00000       -0.00111        0.00500              1
Psco_181                                      1       -4.14112        0.00000       -0.00258        0.00500              1
Psco_247                                      1       -1.78427        0.00000        0.00018        0.00500              1
Psco_255                                      1        1.36704        0.00000        0.00180        0.00500              1
Psco_950                                      1        8.17634        0.00000        0.00539        0.00500              1
Psco_974                                      1        8.58192        0.00000        0.00228        0.00500              1
Psco_1015                                     1        2.28141        0.00000        0.00256        0.00500              1
Psco_960                                      1        4.11948        0.00000        0.00625        0.00500              1
Psco_1017                                     1        8.15256        0.00000        0.00141        0.00500              1
Psco_1049                                     1        1.50759        0.00000        0.00276        0.00500              1
Psco_898                                      1        3.10307        0.00000       -0.00089        0.00500              1
Psco_1036                                     1        2.15271        0.00000        0.00132        0.00500              1
Psco_608                                      1        6.24288        0.00000        0.00325        0.00500              1
Psco_601                                      1        0.65710        0.00000        0.00323        0.00500              1
Psco_513                                      1        2.19926        0.00000        0.00293        0.00500              1
Psco_641                                      1        5.86221        0.00000        0.00625        0.00500              1
Psco_578                                      1        5.29896        0.00000        0.00660        0.00500              1
Psco_759                                      1        3.07267        0.00000        0.00369        0.00500              1
Psco_767                                      1        7.91419        0.00000        0.00314        0.00500              1
Psco_879                                      1        6.01410        0.00000        0.00462        0.00500              1
Psco_887                                      1        7.50106        0.00000        0.00240        0.00500              1
Psco_603                                      1        2.91438        0.00000       -0.00017        0.00500              1
Psco_635                                      1        6.22919        0.00000        0.00294        0.00500              1
Psco_888                                      1        4.31198        0.00000       -0.00236        0.00500              1
Psco_564                                      1        6.98819        0.00000        0.00323        0.00500              1
Psco_801                                      1        4.44795        0.00000        0.00283        0.00500              1
Psco_753                                      1        5.23036        0.00000        0.00395        0.00500              1
Psco_637                                      1        4.92580        0.00000       -0.00127        0.00500              1
Psco_709                                      1        4.06802       -0.00000        0.00602        0.00500              1
Psco_834                                      1        1.63852        0.00000        0.00319        0.00500              1
Psco_526                                      1        5.31506        0.00000        0.00330        0.00500              1
Psco_566                                      1        4.82120       -0.00000        0.00429        0.00500              1
Psco_727                                      1        4.33122        0.00000        0.00258        0.00500              1
Psco_836                                      1        3.07445        0.00000        0.00257        0.00500              1
Psco_1041                                     2        5.63476        0.00000        0.00271        0.00500              1
Psco_273                                      2       -9.01743        0.00000       -0.00536        0.00500              1
Psco_440                                      2        0.39110        0.00000       -0.00103        0.00500              1
Psco_448                                      2        7.85437        0.00000        0.00496        0.00500              1
Psco_456                                      2       -0.92060        0.00000        0.00285        0.00500              1
Psco_488                                      2        4.72125        0.00000        0.00524        0.00500              1
Psco_104                                      2       -4.60991        0.00000       -0.00146        0.00500              1
Psco_249                                      2        2.17613        0.00000        0.00276        0.00500              1
Psco_394                                      2       -3.46676        0.00000       -0.00051        0.00500              1
Psco_489                                      2        4.64693        0.00000        0.00482        0.00500              1
Psco_129                                      2       -2.32892        0.00000       -0.00020        0.00500              1
Psco_161                                      2       -1.41732        0.00000        0.00098        0.00500              1
Psco_315                                      2        5.36472        0.00000        0.00214        0.00500              1
Psco_323                                      2        0.81123        0.00000        0.00028        0.00500              1
Psco_466                                      2        6.81102        0.00000       -0.00010        0.00500              1
Psco_356                                      2        5.29425        0.00000        0.00397        0.00500              1
Psco_195                                      2       -2.70834        0.00000       -0.00066        0.00500              1
Psco_227                                      2        2.25908        0.00000       -0.00213        0.00500              1
Psco_420                                      2        0.46369        0.00000        0.00214        0.00500              1
Psco_436                                      2        4.29853        0.00000        0.00071        0.00500              1
Psco_444                                      2        0.84529        0.00000        0.00329        0.00500              1
Psco_452                                      2        5.65333        0.00000        0.00434        0.00500              1
Psco_468                                      2        3.59230        0.00000       -0.00012        0.00500              1
Psco_476                                      2        3.19004        0.00000        0.00574        0.00500              1
Psco_116                                      2       -4.05981        0.00000       -0.00194        0.00500              1
Psco_172                                      2        4.41201        0.00000        0.00500        0.00500              1
Psco_294                                      2       -1.98843        0.00000       -0.00137        0.00500              1
Psco_254                                      2        4.61829       -0.00000        0.00276        0.00500              1
Psco_391                                      2       -5.49877        0.00000       -0.00574        0.00500              1
Psco_414                                      2        4.27111        0.00000        0.00051        0.00500              1
Psco_422                                      2        3.41996        0.00000       -0.00053        0.00500              1
Psco_335                                      2       -8.89030        0.00000       -0.00291        0.00500              1
Psco_470                                      2        1.39937        0.00000        0.00237        0.00500              1
Psco_110                                      2        0.24495        0.00000        0.00102        0.00500              1
Psco_304                                      2        0.74246        0.00000        0.00071        0.00500              1
Psco_423                                      2        5.97097        0.00000        0.00051        0.00500              1
Psco_463                                      2        9.53471        0.00000        0.00536        0.00500              1
Psco_471                                      2        5.99767        0.00000        0.00429        0.00500              1
Psco_958                                      2        3.35784        0.00000        0.00043        0.00500              1
Psco_895                                      2        8.38956        0.00000        0.00577        0.00500              1
Psco_1023                                     2        2.12804        0.00000        0.00182        0.00500              1
Psco_951                                      2        5.84055        0.00000        0.00216        0.00500              1
Psco_992                                      2        3.76441        0.00000        0.00555        0.00500              1
Psco_944                                      2        3.16035        0.00000       -0.00273        0.00500              1
Psco_1056                                     2        2.30823        0.00000        0.00001        0.00500              1
Psco_1009                                     2        6.66155        0.00000        0.00505        0.00500              1
Psco_937                                      2        6.82539        0.00000        0.00296        0.00500              1
Psco_884                                      2        8.20410        0.00000        0.00409        0.00500              1
Psco_914                                      2        5.83793        0.00000        0.00405        0.00500              1
Psco_938                                      2        3.21784        0.00000        0.00042        0.00500              1
Psco_1050                                     2        6.17488        0.00000       -0.00048        0.00500              1
Psco_978                                      2        4.08019        0.00000        0.00246        0.00500              1
Psco_923                                      2        4.93091        0.00000        0.00687        0.00500              1
Psco_1027                                     2        6.49406        0.00000        0.00450        0.00500              1
Psco_932                                      2        5.64787        0.00000       -0.00001        0.00500              1
Psco_933                                      2        5.09727        0.00000        0.00071        0.00500              1
Psco_989                                      2        4.84260        0.00000        0.00548        0.00500              1
Psco_512                                      2        5.64562        0.00000        0.00236        0.00500              1
Psco_648                                      2        2.96471        0.00000        0.00079        0.00500              1
Psco_568                                      2        2.99870        0.00000        0.00216        0.00500              1
Psco_664                                      2       10.43956       -0.00000        0.00577        0.00500              1
Psco_584                                      2        3.15777        0.00000        0.00328        0.00500              1
Psco_749                                      2        4.76401        0.00000        0.00233        0.00500              1
Psco_773                                      2        0.85613        0.00000        0.00348        0.00500              1
Psco_537                                      2        4.22653       -0.00000        0.00475        0.00500              1
Psco_569                                      2        7.08021        0.00000        0.00132        0.00500              1
Psco_577                                      2        7.19774        0.00000        0.00088        0.00500              1
Psco_838                                      2        5.48228        0.00000        0.00399        0.00500              1
Psco_766                                      2        7.62185        0.00000        0.00354        0.00500              1
Psco_774                                      2        3.88317        0.00000        0.00356        0.00500              1
Psco_790                                      2        5.42362        0.00000        0.00686        0.00500              1
Psco_570                                      2        1.71318        0.00000       -0.00320        0.00500              1
Psco_799                                      2        6.85686        0.00000        0.00014        0.00500              1
Psco_855                                      2        6.66857       -0.00000        0.00490        0.00500              1
Psco_871                                      2        3.32088        0.00000       -0.00153        0.00500              1
Psco_791                                      2       10.54760        0.00000        0.00128        0.00500              1
Psco_507                                      2        6.37652        0.00000       -0.00042        0.00500              1
Psco_627                                      2        2.58340        0.00000       -0.00037        0.00500              1
Psco_587                                      2        6.20851        0.00000       -0.00044        0.00500              1
Psco_699                                      2        8.90110        0.00000        0.00590        0.00500              1
Psco_816                                      2        3.82881        0.00000        0.00303        0.00500              1
Psco_872                                      2        4.45833        0.00000        0.00339        0.00500              1
Psco_792                                      2        4.63557        0.00000        0.00145        0.00500              1
Psco_500                                      2        9.42145        0.00000       -0.00024        0.00500              1
Psco_596                                      2        7.05623        0.00000        0.00436        0.00500              1
Psco_612                                      2        8.61582        0.00000        0.00029        0.00500              1
Psco_556                                      2        3.66415        0.00000        0.00621        0.00500              1
Psco_817                                      2        8.17170        0.00000        0.00028        0.00500              1
Psco_833                                      2        2.89531        0.00000       -0.00026        0.00500              1
Psco_605                                      2        9.10975        0.00000        0.00236        0.00500              1
Psco_653                                      2        3.54263        0.00000        0.00104        0.00500              1
Psco_858                                      2        5.14757        0.00000        0.00372        0.00500              1
Psco_598                                      2        5.56123        0.00000        0.00434        0.00500              1
Psco_606                                      2        4.61531        0.00000        0.00334        0.00500              1
Psco_550                                      2        6.33684        0.00000       -0.00028        0.00500              1
Psco_590                                      2        4.76011        0.00000        0.00319        0.00500              1
Psco_702                                      2        5.34159        0.00000       -0.00035        0.00500              1
Psco_639                                      2        6.10293        0.00000        0.00133        0.00500              1
Psco_583                                      2        5.92870        0.00000        0.00192        0.00500              1
Psco_780                                      2        4.72130        0.00000       -0.00051        0.00500              1
