                              Id         Gender   SelCriterion AvgCoancestryA AvgCoancestryC   Contribution  nContribution
Psco_990                                      1       10.19477        0.00000        0.01353        0.01500              3
Psco_950                                      1        8.17634        0.00000        0.01343        0.01500              3
Psco_974                                      1        8.58192        0.00000        0.00498        0.01500              3
Psco_928                                      1        8.20172        0.00000        0.00926        0.01500              3
Psco_1040                                     1        9.52955        0.00000        0.01482        0.01500              3
Psco_1033                                     1        9.69979        0.00000        0.00774        0.01500              3
Psco_930                                      1        6.58836        0.00000       -0.00055        0.01500              3
Psco_1021                                     1        9.85581        0.00000        0.01390        0.01500              3
Psco_781                                      1        6.50906       -0.00000        0.00818        0.01500              3
Psco_497                                      1        7.26942        0.00000        0.00236        0.01500              3
Psco_561                                      1       10.06707        0.00000        0.01564        0.01500              3
Psco_767                                      1        7.91419        0.00000        0.00834        0.01500              3
Psco_531                                      1        8.48618        0.00000        0.00641        0.01500              3
Psco_856                                      1        6.54505        0.00000        0.00532        0.01500              3
Psco_784                                      1        6.04218        0.00000       -0.00108        0.01500              3
Psco_628                                      1        9.59065        0.00000        0.01314        0.01500              3
Psco_564                                      1        6.98819        0.00000        0.00329        0.01500              3
Psco_745                                      1        6.11009        0.00000       -0.00062        0.01500              3
Psco_865                                      1       10.59284        0.00000        0.00732        0.01500              3
Psco_510                                      1        8.50549        0.00000        0.00304        0.01500              3
Psco_787                                      1        9.54596        0.00000        0.01613        0.01500              3
Psco_170                                      1        5.71212        0.00000        0.00510        0.01000              2
Psco_435                                      1        5.62904        0.00000        0.00133        0.01000              2
Psco_485                                      1        7.85372        0.00000        0.01298        0.01000              2
Psco_984                                      1        4.19060        0.00000       -0.00519        0.01000              2
Psco_899                                      1        7.03092        0.00000        0.01339        0.01000              2
Psco_947                                      1        7.28698        0.00000        0.00657        0.01000              2
Psco_641                                      1        5.86221        0.00000        0.00691        0.01000              2
Psco_887                                      1        7.50106        0.00000        0.00591        0.01000              2
Psco_801                                      1        4.44795        0.00000       -0.00529        0.01000              2
Psco_753                                      1        5.23036        0.00000        0.00104        0.01000              2
Psco_746                                      1        7.17138        0.00000        0.00901        0.01000              2
Psco_850                                      1        4.19552       -0.00000       -0.00503        0.01000              2
Psco_851                                      1        6.67665        0.00000        0.00870        0.01000              2
Psco_727                                      1        4.33122        0.00000       -0.00737        0.01000              2
Psco_305                                      1        5.21946        0.00000        0.00439        0.00500              1
Psco_365                                      1        4.83957        0.00000        0.00541        0.00500              1
Psco_469                                      1        5.59313        0.00000        0.00664        0.00500              1
Psco_1017                                     1        8.15256        0.00000        0.01357        0.00500              1
Psco_1044                                     1        7.24129        0.00000        0.01168        0.00500              1
Psco_1037                                     1        8.21798        0.00000        0.01589        0.00500              1
Psco_797                                      1        6.16326        0.00000        0.01144        0.00500              1
Psco_879                                      1        6.01410        0.00000        0.00631        0.00500              1
Psco_599                                      1        3.57307        0.00000       -0.00363        0.00500              1
Psco_892                                      2        5.13618        0.00000        0.00164        0.00500              1
Psco_448                                      2        7.85437        0.00000        0.01310        0.00500              1
Psco_488                                      2        4.72125        0.00000        0.00749        0.00500              1
Psco_249                                      2        2.17613        0.00000        0.00325        0.00500              1
Psco_489                                      2        4.64693        0.00000        0.00715        0.00500              1
Psco_315                                      2        5.36472        0.00000        0.00370        0.00500              1
Psco_466                                      2        6.81102        0.00000        0.00036        0.00500              1
Psco_356                                      2        5.29425        0.00000        0.00569        0.00500              1
Psco_428                                      2        6.54993        0.00000        0.01136        0.00500              1
Psco_436                                      2        4.29853        0.00000        0.00400        0.00500              1
Psco_452                                      2        5.65333        0.00000        0.00577        0.00500              1
Psco_476                                      2        3.19004        0.00000        0.00790        0.00500              1
Psco_172                                      2        4.41201        0.00000        0.00568        0.00500              1
Psco_254                                      2        4.61829       -0.00000        0.00325        0.00500              1
Psco_414                                      2        4.27111        0.00000        0.00305        0.00500              1
Psco_422                                      2        3.41996        0.00000        0.00326        0.00500              1
Psco_470                                      2        1.39937        0.00000       -0.00029        0.00500              1
Psco_423                                      2        5.97097        0.00000        0.00171        0.00500              1
Psco_463                                      2        9.53471        0.00000        0.01456        0.00500              1
Psco_471                                      2        5.99767        0.00000        0.00585        0.00500              1
Psco_1038                                     2        3.58096        0.00000        0.00995        0.00500              1
Psco_895                                      2        8.38956        0.00000        0.01459        0.00500              1
Psco_1023                                     2        2.12804        0.00000       -0.00113        0.00500              1
Psco_951                                      2        5.84055        0.00000        0.00948        0.00500              1
Psco_992                                      2        3.76441        0.00000        0.00803        0.00500              1
Psco_944                                      2        3.16035        0.00000       -0.00005        0.00500              1
Psco_952                                      2        6.53273        0.00000        0.01393        0.00500              1
Psco_1056                                     2        2.30823        0.00000        0.00225        0.00500              1
Psco_1009                                     2        6.66155        0.00000        0.00985        0.00500              1
Psco_937                                      2        6.82539        0.00000        0.01382        0.00500              1
Psco_1041                                     2        5.63476        0.00000        0.01047        0.00500              1
Psco_914                                      2        5.83793        0.00000        0.01239        0.00500              1
Psco_1010                                     2        4.02914        0.00000        0.01017        0.00500              1
Psco_938                                      2        3.21784        0.00000        0.00029        0.00500              1
Psco_1050                                     2        6.17488        0.00000        0.00443        0.00500              1
Psco_978                                      2        4.08019        0.00000        0.00950        0.00500              1
Psco_923                                      2        4.93091        0.00000        0.00954        0.00500              1
Psco_1027                                     2        6.49406        0.00000        0.00749        0.00500              1
Psco_1035                                     2        6.22320        0.00000        0.00930        0.00500              1
Psco_932                                      2        5.64787        0.00000        0.00901        0.00500              1
Psco_933                                      2        5.09727        0.00000        0.00182        0.00500              1
Psco_989                                      2        4.84260        0.00000        0.00864        0.00500              1
Psco_512                                      2        5.64562        0.00000        0.00892        0.00500              1
Psco_664                                      2       10.43956       -0.00000        0.00568        0.00500              1
Psco_584                                      2        3.15777        0.00000       -0.00858        0.00500              1
Psco_688                                      2        6.63816        0.00000        0.01579        0.00500              1
Psco_696                                      2        4.26263        0.00000        0.01422        0.00500              1
Psco_821                                      2        5.14546        0.00000        0.01050        0.00500              1
Psco_877                                      2        4.13268        0.00000        0.00002        0.00500              1
Psco_505                                      2        8.74705        0.00000        0.01344        0.00500              1
Psco_537                                      2        4.22653       -0.00000        0.00507        0.00500              1
Psco_649                                      2        6.95907        0.00000        0.01548        0.00500              1
Psco_569                                      2        7.08021        0.00000        0.00529        0.00500              1
Psco_577                                      2        7.19774        0.00000        0.00745        0.00500              1
Psco_830                                      2        8.48510        0.00000        0.01215        0.00500              1
Psco_838                                      2        5.48228        0.00000        0.01191        0.00500              1
Psco_766                                      2        7.62185        0.00000        0.00840        0.00500              1
Psco_774                                      2        3.88317        0.00000        0.00017        0.00500              1
Psco_790                                      2        5.42362        0.00000        0.00891        0.00500              1
Psco_799                                      2        6.85686        0.00000        0.00578        0.00500              1
Psco_855                                      2        6.66857       -0.00000        0.00437        0.00500              1
Psco_871                                      2        3.32088        0.00000        0.00188        0.00500              1
Psco_791                                      2       10.54760        0.00000        0.01431        0.00500              1
Psco_515                                      2        3.15417        0.00000        0.00811        0.00500              1
Psco_523                                      2        7.47891        0.00000        0.00517        0.00500              1
Psco_587                                      2        6.20851        0.00000        0.00576        0.00500              1
Psco_699                                      2        8.90110        0.00000        0.01528        0.00500              1
Psco_816                                      2        3.82881        0.00000        0.00562        0.00500              1
Psco_824                                      2        8.64960        0.00000        0.01454        0.00500              1
Psco_872                                      2        4.45833        0.00000       -0.00269        0.00500              1
Psco_792                                      2        4.63557        0.00000        0.00318        0.00500              1
Psco_500                                      2        9.42145        0.00000        0.01198        0.00500              1
Psco_596                                      2        7.05623        0.00000        0.01498        0.00500              1
Psco_612                                      2        8.61582        0.00000        0.01269        0.00500              1
Psco_692                                      2        3.00451        0.00000        0.00680        0.00500              1
Psco_817                                      2        8.17170        0.00000        0.01231        0.00500              1
Psco_761                                      2        6.84534        0.00000        0.00958        0.00500              1
Psco_605                                      2        9.10975        0.00000        0.00553        0.00500              1
Psco_533                                      2        6.05027        0.00000        0.01019        0.00500              1
Psco_557                                      2        5.93360        0.00000        0.01380        0.00500              1
Psco_858                                      2        5.14757        0.00000       -0.00687        0.00500              1
Psco_866                                      2        7.64401        0.00000        0.00436        0.00500              1
Psco_598                                      2        5.56123        0.00000        0.00868        0.00500              1
Psco_606                                      2        4.61531        0.00000        0.00402        0.00500              1
Psco_550                                      2        6.33684        0.00000        0.00281        0.00500              1
Psco_590                                      2        4.76011        0.00000        0.01105        0.00500              1
Psco_694                                      2        7.83237        0.00000        0.01241        0.00500              1
Psco_702                                      2        5.34159        0.00000        0.00464        0.00500              1
Psco_718                                      2        7.19325       -0.00000        0.00739        0.00500              1
Psco_859                                      2        4.59919        0.00000        0.00860        0.00500              1
Psco_891                                      2        5.22867        0.00000        0.00648        0.00500              1
Psco_615                                      2        4.27348        0.00000        0.00810        0.00500              1
Psco_639                                      2        6.10293        0.00000        0.00401        0.00500              1
Psco_671                                      2        5.79916        0.00000        0.00766        0.00500              1
Psco_583                                      2        5.92870        0.00000        0.00289        0.00500              1
Psco_695                                      2        5.94869        0.00000        0.00459        0.00500              1
Psco_812                                      2        2.54959        0.00000        0.00630        0.00500              1
Psco_756                                      2        8.50102        0.00000        0.01551        0.00500              1
Psco_780                                      2        4.72130        0.00000        0.00078        0.00500              1
Psco_884                                      2        8.20410        0.00000        0.00911        0.00500              1
