                              Id         Gender   SelCriterion AvgCoancestryA AvgCoancestryC   Contribution  nContribution
Psco_836                                      1        3.07445        0.00000       -0.00050        0.01000              2
Psco_207                                      1       -5.03728        0.00000        0.00075        0.00500              1
Psco_223                                      1       -0.38772        0.00000        0.00016        0.00500              1
Psco_159                                      1       -4.22407        0.00000       -0.00013        0.00500              1
Psco_175                                      1      -11.45693        0.00000        0.00125        0.00500              1
Psco_297                                      1       -0.37698        0.00000       -0.00034        0.00500              1
Psco_321                                      1       -8.30895        0.00000       -0.00011        0.00500              1
Psco_329                                      1      -13.45232        0.00000       -0.00088        0.00500              1
Psco_337                                      1       -2.68723        0.00000        0.00191        0.00500              1
Psco_200                                      1       -8.77708        0.00000        0.00030        0.00500              1
Psco_216                                      1        3.37328        0.00000       -0.00029        0.00500              1
Psco_257                                      1       -9.87644        0.00000        0.00134        0.00500              1
Psco_266                                      1       -3.67811        0.00000        0.00004        0.00500              1
Psco_184                                      1        1.53586        0.00000        0.00205        0.00500              1
Psco_298                                      1      -12.08759        0.00000        0.00077        0.00500              1
Psco_306                                      1       -4.12376        0.00000        0.00043        0.00500              1
Psco_338                                      1        3.43303        0.00000        0.00013        0.00500              1
Psco_217                                      1       -3.59633        0.00000        0.00001        0.00500              1
Psco_233                                      1        3.83750        0.00000        0.00179        0.00500              1
Psco_241                                      1       -5.75520        0.00000       -0.00005        0.00500              1
Psco_267                                      1       -9.36731        0.00000        0.00101        0.00500              1
Psco_426                                      1        3.96427        0.00000       -0.00054        0.00500              1
Psco_458                                      1        1.17117        0.00000        0.00204        0.00500              1
Psco_379                                      1       -4.39923        0.00000       -0.00126        0.00500              1
Psco_194                                      1       -9.06386        0.00000        0.00178        0.00500              1
Psco_202                                      1       -2.30391        0.00000        0.00083        0.00500              1
Psco_234                                      1      -12.22796        0.00000       -0.00062        0.00500              1
Psco_154                                      1       -4.11556        0.00000       -0.00033        0.00500              1
Psco_170                                      1        5.71212        0.00000        0.00189        0.00500              1
Psco_178                                      1       -5.85465        0.00000       -0.00121        0.00500              1
Psco_292                                      1       -0.30287        0.00000       -0.00045        0.00500              1
Psco_427                                      1        2.02535        0.00000        0.00066        0.00500              1
Psco_483                                      1        4.53379        0.00000        0.00232        0.00500              1
Psco_131                                      1       -2.78421        0.00000        0.00016        0.00500              1
Psco_187                                      1        0.12833        0.00000        0.00100        0.00500              1
Psco_301                                      1       -0.96130        0.00000        0.00087        0.00500              1
Psco_325                                      1       -7.07994        0.00000       -0.00152        0.00500              1
Psco_349                                      1        1.07395        0.00000        0.00246        0.00500              1
Psco_365                                      1        4.83957        0.00000        0.00144        0.00500              1
Psco_278                                      1       -2.57223        0.00000        0.00094        0.00500              1
Psco_453                                      1        6.09350        0.00000        0.00075        0.00500              1
Psco_485                                      1        7.85372        0.00000        0.00053        0.00500              1
Psco_125                                      1       -2.92686        0.00000       -0.00007        0.00500              1
Psco_181                                      1       -4.14112        0.00000        0.00212        0.00500              1
Psco_198                                      1       -6.55712        0.00000        0.00256        0.00500              1
Psco_238                                      1       -6.96663        0.00000        0.00014        0.00500              1
Psco_942                                      1       -0.38624        0.00000        0.00132        0.00500              1
Psco_950                                      1        8.17634        0.00000        0.00093        0.00500              1
Psco_999                                      1        2.88786        0.00000       -0.00279        0.00500              1
Psco_959                                      1        4.13213        0.00000       -0.00058        0.00500              1
Psco_975                                      1        0.37380        0.00000        0.00243        0.00500              1
Psco_984                                      1        4.19060        0.00000        0.00049        0.00500              1
Psco_1001                                     1        6.23697        0.00000        0.00069        0.00500              1
Psco_1049                                     1        1.50759        0.00000        0.00142        0.00500              1
Psco_1042                                     1        2.12292        0.00000       -0.00048        0.00500              1
Psco_899                                      1        7.03092        0.00000        0.00228        0.00500              1
Psco_947                                      1        7.28698        0.00000       -0.00059        0.00500              1
Psco_1012                                     1        0.49105        0.00000       -0.00063        0.00500              1
Psco_940                                      1        5.32944       -0.00000        0.00099        0.00500              1
Psco_1036                                     1        2.15271        0.00000       -0.00045        0.00500              1
Psco_1021                                     1        9.85581        0.00000        0.00175        0.00500              1
Psco_1037                                     1        8.21798        0.00000        0.00106        0.00500              1
Psco_624                                      1        1.55939        0.00000        0.00054        0.00500              1
Psco_656                                      1        4.81656        0.00000        0.00067        0.00500              1
Psco_805                                      1       -2.46219        0.00000        0.00116        0.00500              1
Psco_813                                      1        3.88545        0.00000        0.00159        0.00500              1
Psco_513                                      1        2.19926        0.00000        0.00119        0.00500              1
Psco_641                                      1        5.86221        0.00000        0.00039        0.00500              1
Psco_854                                      1        6.71231        0.00000       -0.00089        0.00500              1
Psco_782                                      1        4.41142        0.00000        0.00055        0.00500              1
Psco_594                                      1        2.49764        0.00000        0.00036        0.00500              1
Psco_759                                      1        3.07267        0.00000        0.00053        0.00500              1
Psco_775                                      1        4.14514        0.00000        0.00210        0.00500              1
Psco_879                                      1        6.01410        0.00000       -0.00044        0.00500              1
Psco_887                                      1        7.50106        0.00000       -0.00008        0.00500              1
Psco_603                                      1        2.91438        0.00000        0.00152        0.00500              1
Psco_531                                      1        8.48618        0.00000        0.00025        0.00500              1
Psco_707                                      1        6.72924        0.00000        0.00006        0.00500              1
Psco_856                                      1        6.54505        0.00000        0.00166        0.00500              1
Psco_784                                      1        6.04218        0.00000       -0.00086        0.00500              1
Psco_628                                      1        9.59065        0.00000        0.00165        0.00500              1
Psco_564                                      1        6.98819        0.00000       -0.00124        0.00500              1
Psco_660                                      1       -1.19449        0.00000        0.00147        0.00500              1
Psco_745                                      1        6.11009        0.00000       -0.00049        0.00500              1
Psco_857                                      1        5.79180        0.00000        0.00014        0.00500              1
Psco_865                                      1       10.59284        0.00000        0.00063        0.00500              1
Psco_501                                      1        5.17740        0.00000       -0.00048        0.00500              1
Psco_717                                      1        1.02741        0.00000        0.00180        0.00500              1
Psco_725_2                                    1        2.42723        0.00000        0.00165        0.00500              1
Psco_526                                      1        5.31506        0.00000        0.00117        0.00500              1
Psco_630                                      1       -2.44806        0.00000       -0.00010        0.00500              1
Psco_662                                      1        3.13820        0.00000        0.00005        0.00500              1
Psco_670                                      1        3.40852        0.00000        0.00059        0.00500              1
Psco_582                                      1        2.46079        0.00000        0.00107        0.00500              1
Psco_787                                      1        9.54596        0.00000        0.00188        0.00500              1
Psco_795                                      1        4.04259        0.00000        0.00111        0.00500              1
Psco_559                                      1        6.36064        0.00000       -0.00001        0.00500              1
Psco_748                                      1        3.14983        0.00000        0.00054        0.00500              1
Psco_876                                      1        4.72680        0.00000        0.00159        0.00500              1
Psco_135                                      2        1.38866        0.00000        0.00206        0.00500              1
Psco_265                                      2       -1.68853        0.00000       -0.00062        0.00500              1
Psco_440                                      2        0.39110        0.00000        0.00142        0.00500              1
Psco_448                                      2        7.85437        0.00000        0.00203        0.00500              1
Psco_488                                      2        4.72125        0.00000        0.00034        0.00500              1
Psco_104                                      2       -4.60991        0.00000        0.00203        0.00500              1
Psco_120                                      2       -2.95195        0.00000        0.00173        0.00500              1
Psco_136                                      2       -2.10816        0.00000        0.00198        0.00500              1
Psco_168                                      2       -6.50469        0.00000        0.00205        0.00500              1
Psco_282                                      2       -9.83330       -0.00000        0.00041        0.00500              1
Psco_489                                      2        4.64693        0.00000        0.00132        0.00500              1
Psco_113                                      2       -3.24132        0.00000        0.00050        0.00500              1
Psco_137                                      2       -6.80704        0.00000        0.00083        0.00500              1
Psco_315                                      2        5.36472        0.00000        0.00193        0.00500              1
Psco_339                                      2      -10.45860        0.00000        0.00078        0.00500              1
Psco_347                                      2       -5.40500       -0.00000        0.00055        0.00500              1
Psco_466                                      2        6.81102        0.00000        0.00035        0.00500              1
Psco_474                                      2        1.28241       -0.00000        0.00117        0.00500              1
Psco_138                                      2       -2.99749        0.00000       -0.00054        0.00500              1
Psco_146                                      2       -1.51885        0.00000       -0.00077        0.00500              1
Psco_340                                      2        1.28995        0.00000        0.00203        0.00500              1
Psco_195                                      2       -2.70834        0.00000        0.00048        0.00500              1
Psco_269                                      2      -10.23283        0.00000        0.00125        0.00500              1
Psco_285                                      2       -1.33634       -0.00000       -0.00045        0.00500              1
Psco_420                                      2        0.46369        0.00000       -0.00042        0.00500              1
Psco_428                                      2        6.54993        0.00000        0.00027        0.00500              1
Psco_452                                      2        5.65333        0.00000        0.00069        0.00500              1
Psco_460                                      2        1.51555        0.00000        0.00125        0.00500              1
Psco_476                                      2        3.19004        0.00000        0.00116        0.00500              1
Psco_116                                      2       -4.05981        0.00000        0.00089        0.00500              1
Psco_228                                      2       -3.09104        0.00000        0.00048        0.00500              1
Psco_294                                      2       -1.98843        0.00000       -0.00011        0.00500              1
Psco_318                                      2       -5.75173        0.00000        0.00020        0.00500              1
Psco_334                                      2       -5.32155       -0.00000       -0.00049        0.00500              1
Psco_342                                      2       -4.90881        0.00000        0.00026        0.00500              1
Psco_350                                      2       -1.67405        0.00000       -0.00005        0.00500              1
Psco_374                                      2      -10.29770        0.00000        0.00144        0.00500              1
Psco_197                                      2      -10.23311        0.00000        0.00129        0.00500              1
Psco_246                                      2       -3.70988        0.00000       -0.00019        0.00500              1
Psco_287                                      2      -10.20358        0.00000       -0.00044        0.00500              1
Psco_391                                      2       -5.49877        0.00000       -0.00029        0.00500              1
Psco_414                                      2        4.27111        0.00000        0.00072        0.00500              1
Psco_110                                      2        0.24495        0.00000       -0.00046        0.00500              1
Psco_296                                      2       -0.21919        0.00000       -0.00013        0.00500              1
Psco_328                                      2       -5.35711        0.00000        0.00095        0.00500              1
Psco_463                                      2        9.53471        0.00000        0.00227        0.00500              1
Psco_471                                      2        5.99767        0.00000       -0.00106        0.00500              1
Psco_1038                                     2        3.58096        0.00000        0.00117        0.00500              1
Psco_958                                      2        3.35784        0.00000        0.00111        0.00500              1
Psco_1007                                     2       -2.41399        0.00000       -0.00074        0.00500              1
Psco_1056                                     2        2.30823        0.00000        0.00100        0.00500              1
Psco_961                                      2        0.28181        0.00000        0.00098        0.00500              1
Psco_914                                      2        5.83793        0.00000        0.00195        0.00500              1
Psco_922                                      2       -2.77613        0.00000       -0.00036        0.00500              1
Psco_978                                      2        4.08019        0.00000        0.00105        0.00500              1
Psco_923                                      2        4.93091        0.00000        0.00068        0.00500              1
Psco_1043                                     2        1.42116        0.00000        0.00124        0.00500              1
Psco_933                                      2        5.09727        0.00000        0.00035        0.00500              1
Psco_512                                      2        5.64562        0.00000        0.00134        0.00500              1
Psco_664                                      2       10.43956       -0.00000       -0.00081        0.00500              1
Psco_584                                      2        3.15777        0.00000        0.00140        0.00500              1
Psco_688                                      2        6.63816        0.00000        0.00086        0.00500              1
Psco_821                                      2        5.14546        0.00000        0.00188        0.00500              1
Psco_749                                      2        4.76401        0.00000        0.00213        0.00500              1
Psco_773                                      2        0.85613        0.00000        0.00062        0.00500              1
Psco_505                                      2        8.74705        0.00000        0.00117        0.00500              1
Psco_537                                      2        4.22653       -0.00000       -0.00151        0.00500              1
Psco_577                                      2        7.19774        0.00000        0.00044        0.00500              1
Psco_830                                      2        8.48510        0.00000        0.00119        0.00500              1
Psco_838                                      2        5.48228        0.00000        0.00184        0.00500              1
Psco_766                                      2        7.62185        0.00000        0.00075        0.00500              1
Psco_790                                      2        5.42362        0.00000        0.00093        0.00500              1
Psco_570                                      2        1.71318        0.00000       -0.00023        0.00500              1
Psco_799                                      2        6.85686        0.00000        0.00233        0.00500              1
Psco_871                                      2        3.32088        0.00000        0.00207        0.00500              1
Psco_791                                      2       10.54760        0.00000        0.00065        0.00500              1
Psco_507                                      2        6.37652        0.00000        0.00066        0.00500              1
Psco_523                                      2        7.47891        0.00000        0.00175        0.00500              1
Psco_816                                      2        3.82881        0.00000        0.00062        0.00500              1
Psco_792                                      2        4.63557        0.00000        0.00084        0.00500              1
Psco_636                                      2        4.51599        0.00000        0.00090        0.00500              1
Psco_556                                      2        3.66415        0.00000        0.00063        0.00500              1
Psco_716                                      2       -1.15087        0.00000        0.00018        0.00500              1
Psco_849                                      2       -2.15457        0.00000        0.00044        0.00500              1
Psco_761                                      2        6.84534        0.00000       -0.00058        0.00500              1
Psco_653                                      2        3.54263        0.00000        0.00091        0.00500              1
Psco_701                                      2       -1.05505        0.00000       -0.00073        0.00500              1
Psco_786                                      2        2.63877        0.00000        0.00013        0.00500              1
Psco_598                                      2        5.56123        0.00000        0.00044        0.00500              1
Psco_694                                      2        7.83237        0.00000        0.00167        0.00500              1
Psco_859                                      2        4.59919        0.00000        0.00116        0.00500              1
Psco_615                                      2        4.27348        0.00000        0.00032        0.00500              1
Psco_639                                      2        6.10293        0.00000        0.00140        0.00500              1
Psco_663                                      2        5.07404        0.00000        0.00068        0.00500              1
Psco_671                                      2        5.79916        0.00000        0.00019        0.00500              1
Psco_812                                      2        2.54959        0.00000        0.00037        0.00500              1
Psco_820                                      2        2.63509        0.00000       -0.00040        0.00500              1
Psco_756                                      2        8.50102        0.00000        0.00129        0.00500              1
Psco_780                                      2        4.72130        0.00000        0.00114        0.00500              1
Psco_884                                      2        8.20410        0.00000        0.00031        0.00500              1
