                              Id         Gender   SelCriterion AvgCoancestryA AvgCoancestryC   Contribution  nContribution
Psco_990                                      1       10.19477        0.00000        0.00367        0.01500              3
Psco_1033                                     1        9.69979        0.00000        0.00248        0.01500              3
Psco_1021                                     1        9.85581        0.00000        0.00341        0.01500              3
Psco_497                                      1        7.26942        0.00000        0.00162        0.01500              3
Psco_628                                      1        9.59065        0.00000        0.00120        0.01500              3
Psco_865                                      1       10.59284        0.00000        0.00769        0.01500              3
Psco_305                                      1        5.21946        0.00000        0.00300        0.01000              2
Psco_306                                      1       -4.12376        0.00000       -0.00524        0.01000              2
Psco_426                                      1        3.96427        0.00000       -0.00030        0.01000              2
Psco_435                                      1        5.62904        0.00000        0.00035        0.01000              2
Psco_453                                      1        6.09350        0.00000        0.00123        0.01000              2
Psco_295                                      1       -1.33858        0.00000       -0.00579        0.01000              2
Psco_928                                      1        8.20172        0.00000        0.00476        0.01000              2
Psco_984                                      1        4.19060        0.00000       -0.00100        0.01000              2
Psco_1049                                     1        1.50759        0.00000       -0.00231        0.01000              2
Psco_930                                      1        6.58836        0.00000       -0.00011        0.01000              2
Psco_781                                      1        6.50906       -0.00000        0.00674        0.01000              2
Psco_854                                      1        6.71231        0.00000        0.00117        0.01000              2
Psco_767                                      1        7.91419        0.00000        0.00473        0.01000              2
Psco_531                                      1        8.48618        0.00000        0.00224        0.01000              2
Psco_635                                      1        6.22919        0.00000        0.00438        0.01000              2
Psco_856                                      1        6.54505        0.00000        0.00372        0.01000              2
Psco_784                                      1        6.04218        0.00000       -0.00094        0.01000              2
Psco_564                                      1        6.98819        0.00000        0.00490        0.01000              2
Psco_801                                      1        4.44795        0.00000       -0.00113        0.01000              2
Psco_745                                      1        6.11009        0.00000       -0.00049        0.01000              2
Psco_501                                      1        5.17740        0.00000       -0.00086        0.01000              2
Psco_850                                      1        4.19552       -0.00000       -0.00117        0.01000              2
Psco_510                                      1        8.50549        0.00000        0.00764        0.01000              2
Psco_787                                      1        9.54596        0.00000        0.01098        0.01000              2
Psco_727                                      1        4.33122        0.00000       -0.00147        0.01000              2
Psco_183                                      1        2.42167        0.00000        0.00260        0.00500              1
Psco_297                                      1       -0.37698        0.00000       -0.00410        0.00500              1
Psco_377                                      1        5.90575        0.00000        0.00094        0.00500              1
Psco_330                                      1        3.62511        0.00000        0.00316        0.00500              1
Psco_233                                      1        3.83750        0.00000        0.00566        0.00500              1
Psco_170                                      1        5.71212        0.00000        0.00478        0.00500              1
Psco_292                                      1       -0.30287        0.00000       -0.00470        0.00500              1
Psco_365                                      1        4.83957        0.00000        0.00683        0.00500              1
Psco_212                                      1        1.55127        0.00000        0.00132        0.00500              1
Psco_469                                      1        5.59313        0.00000        0.00417        0.00500              1
Psco_950                                      1        8.17634        0.00000        0.00965        0.00500              1
Psco_1015                                     1        2.28141        0.00000       -0.00254        0.00500              1
Psco_960                                      1        4.11948        0.00000        0.00604        0.00500              1
Psco_898                                      1        3.10307        0.00000       -0.00075        0.00500              1
Psco_939                                      1        2.95890        0.00000        0.00387        0.00500              1
Psco_947                                      1        7.28698        0.00000        0.00205        0.00500              1
Psco_1036                                     1        2.15271        0.00000        0.00351        0.00500              1
Psco_1044                                     1        7.24129        0.00000        0.00174        0.00500              1
Psco_608                                      1        6.24288        0.00000        0.00619        0.00500              1
Psco_797                                      1        6.16326        0.00000        0.00591        0.00500              1
Psco_529                                      1        5.40143        0.00000        0.00014        0.00500              1
Psco_641                                      1        5.86221        0.00000        0.00618        0.00500              1
Psco_561                                      1       10.06707        0.00000        0.01003        0.00500              1
Psco_879                                      1        6.01410        0.00000        0.00660        0.00500              1
Psco_753                                      1        5.23036        0.00000        0.00592        0.00500              1
Psco_637                                      1        4.92580        0.00000        0.00077        0.00500              1
Psco_746                                      1        7.17138        0.00000        0.00509        0.00500              1
Psco_566                                      1        4.82120       -0.00000        0.00829        0.00500              1
Psco_803                                      1        4.59402        0.00000       -0.00036        0.00500              1
Psco_851                                      1        6.67665        0.00000        0.00711        0.00500              1
Psco_559                                      1        6.36064        0.00000        0.00248        0.00500              1
Psco_876                                      1        4.72680        0.00000        0.00335        0.00500              1
Psco_1041                                     2        5.63476        0.00000        0.00450        0.00500              1
Psco_448                                      2        7.85437        0.00000        0.00887        0.00500              1
Psco_456                                      2       -0.92060        0.00000       -0.00070        0.00500              1
Psco_488                                      2        4.72125        0.00000        0.00782        0.00500              1
Psco_104                                      2       -4.60991        0.00000       -0.00403        0.00500              1
Psco_249                                      2        2.17613        0.00000        0.00227        0.00500              1
Psco_489                                      2        4.64693        0.00000        0.00640        0.00500              1
Psco_113                                      2       -3.24132        0.00000       -0.00071        0.00500              1
Psco_161                                      2       -1.41732        0.00000       -0.00012        0.00500              1
Psco_315                                      2        5.36472        0.00000        0.00263        0.00500              1
Psco_466                                      2        6.81102        0.00000        0.00106        0.00500              1
Psco_356                                      2        5.29425        0.00000        0.00672        0.00500              1
Psco_364                                      2       -2.21622        0.00000       -0.00335        0.00500              1
Psco_227                                      2        2.25908        0.00000       -0.00137        0.00500              1
Psco_428                                      2        6.54993        0.00000        0.00259        0.00500              1
Psco_436                                      2        4.29853        0.00000        0.00170        0.00500              1
Psco_444                                      2        0.84529        0.00000       -0.00162        0.00500              1
Psco_452                                      2        5.65333        0.00000        0.00733        0.00500              1
Psco_468                                      2        3.59230        0.00000       -0.00002        0.00500              1
Psco_116                                      2       -4.05981        0.00000       -0.00739        0.00500              1
Psco_172                                      2        4.41201        0.00000        0.00736        0.00500              1
Psco_246                                      2       -3.70988        0.00000       -0.00081        0.00500              1
Psco_254                                      2        4.61829       -0.00000        0.00513        0.00500              1
Psco_287                                      2      -10.20358        0.00000       -0.00650        0.00500              1
Psco_414                                      2        4.27111        0.00000       -0.00024        0.00500              1
Psco_470                                      2        1.39937        0.00000        0.00094        0.00500              1
Psco_142                                      2       -8.14789        0.00000       -0.00557        0.00500              1
Psco_304                                      2        0.74246        0.00000       -0.00022        0.00500              1
Psco_423                                      2        5.97097        0.00000        0.00150        0.00500              1
Psco_463                                      2        9.53471        0.00000        0.01026        0.00500              1
Psco_471                                      2        5.99767        0.00000        0.00750        0.00500              1
Psco_1038                                     2        3.58096        0.00000        0.00406        0.00500              1
Psco_958                                      2        3.35784        0.00000        0.00088        0.00500              1
Psco_895                                      2        8.38956        0.00000        0.00991        0.00500              1
Psco_1023                                     2        2.12804        0.00000        0.00243        0.00500              1
Psco_951                                      2        5.84055        0.00000        0.00682        0.00500              1
Psco_992                                      2        3.76441        0.00000        0.00651        0.00500              1
Psco_944                                      2        3.16035        0.00000       -0.00209        0.00500              1
Psco_1009                                     2        6.66155        0.00000        0.00871        0.00500              1
Psco_937                                      2        6.82539        0.00000        0.00630        0.00500              1
Psco_914                                      2        5.83793        0.00000        0.00547        0.00500              1
Psco_1010                                     2        4.02914        0.00000        0.00404        0.00500              1
Psco_1050                                     2        6.17488        0.00000        0.00150        0.00500              1
Psco_978                                      2        4.08019        0.00000        0.00476        0.00500              1
Psco_923                                      2        4.93091        0.00000        0.00745        0.00500              1
Psco_1027                                     2        6.49406        0.00000        0.00555        0.00500              1
Psco_1035                                     2        6.22320        0.00000        0.00904        0.00500              1
Psco_932                                      2        5.64787        0.00000        0.00144        0.00500              1
Psco_933                                      2        5.09727        0.00000       -0.00011        0.00500              1
Psco_989                                      2        4.84260        0.00000        0.00655        0.00500              1
Psco_512                                      2        5.64562        0.00000        0.00385        0.00500              1
Psco_664                                      2       10.43956       -0.00000        0.00760        0.00500              1
Psco_584                                      2        3.15777        0.00000       -0.00162        0.00500              1
Psco_688                                      2        6.63816        0.00000        0.01040        0.00500              1
Psco_877                                      2        4.13268        0.00000        0.00494        0.00500              1
Psco_505                                      2        8.74705        0.00000        0.00205        0.00500              1
Psco_537                                      2        4.22653       -0.00000        0.00666        0.00500              1
Psco_545                                      2        2.71433        0.00000        0.00310        0.00500              1
Psco_569                                      2        7.08021        0.00000        0.00214        0.00500              1
Psco_577                                      2        7.19774        0.00000        0.00246        0.00500              1
Psco_830                                      2        8.48510        0.00000        0.00328        0.00500              1
Psco_838                                      2        5.48228        0.00000        0.00566        0.00500              1
Psco_766                                      2        7.62185        0.00000        0.00419        0.00500              1
Psco_774                                      2        3.88317        0.00000        0.00520        0.00500              1
Psco_790                                      2        5.42362        0.00000        0.00691        0.00500              1
Psco_799                                      2        6.85686        0.00000        0.00093        0.00500              1
Psco_823                                      2        5.75976        0.00000        0.00077        0.00500              1
Psco_855                                      2        6.66857       -0.00000        0.00639        0.00500              1
Psco_871                                      2        3.32088        0.00000       -0.00131        0.00500              1
Psco_791                                      2       10.54760        0.00000        0.00311        0.00500              1
Psco_515                                      2        3.15417        0.00000        0.00604        0.00500              1
Psco_523                                      2        7.47891        0.00000        0.00426        0.00500              1
Psco_587                                      2        6.20851        0.00000        0.00267        0.00500              1
Psco_816                                      2        3.82881        0.00000        0.00539        0.00500              1
Psco_824                                      2        8.64960        0.00000        0.00254        0.00500              1
Psco_872                                      2        4.45833        0.00000        0.00134        0.00500              1
Psco_500                                      2        9.42145        0.00000        0.00215        0.00500              1
Psco_596                                      2        7.05623        0.00000        0.00900        0.00500              1
Psco_556                                      2        3.66415        0.00000        0.00676        0.00500              1
Psco_817                                      2        8.17170        0.00000        0.00242        0.00500              1
Psco_761                                      2        6.84534        0.00000        0.00797        0.00500              1
Psco_605                                      2        9.10975        0.00000        0.00413        0.00500              1
Psco_533                                      2        6.05027        0.00000        0.00481        0.00500              1
Psco_858                                      2        5.14757        0.00000       -0.00059        0.00500              1
Psco_866                                      2        7.64401        0.00000        0.00114        0.00500              1
Psco_598                                      2        5.56123        0.00000        0.00682        0.00500              1
Psco_606                                      2        4.61531        0.00000        0.00490        0.00500              1
Psco_550                                      2        6.33684        0.00000        0.00077        0.00500              1
Psco_590                                      2        4.76011        0.00000        0.00441        0.00500              1
Psco_694                                      2        7.83237        0.00000        0.00580        0.00500              1
Psco_718                                      2        7.19325       -0.00000        0.00864        0.00500              1
Psco_859                                      2        4.59919        0.00000        0.00321        0.00500              1
Psco_891                                      2        5.22867        0.00000        0.00733        0.00500              1
Psco_615                                      2        4.27348        0.00000        0.00694        0.00500              1
Psco_639                                      2        6.10293        0.00000        0.00281        0.00500              1
Psco_567                                      2        2.31357        0.00000       -0.00006        0.00500              1
Psco_583                                      2        5.92870        0.00000        0.00292        0.00500              1
Psco_695                                      2        5.94869        0.00000        0.00049        0.00500              1
Psco_812                                      2        2.54959        0.00000        0.00521        0.00500              1
Psco_780                                      2        4.72130        0.00000       -0.00128        0.00500              1
