                              Id         Gender   SelCriterion AvgCoancestryA AvgCoancestryC   Contribution  nContribution
Psco_990                                      1       10.19477        0.00000        0.00990        0.01500              3
Psco_974                                      1        8.58192        0.00000        0.00481        0.01500              3
Psco_928                                      1        8.20172        0.00000        0.00531        0.01500              3
Psco_1040                                     1        9.52955        0.00000        0.01011        0.01500              3
Psco_1033                                     1        9.69979        0.00000        0.00505        0.01500              3
Psco_930                                      1        6.58836        0.00000        0.00363        0.01500              3
Psco_781                                      1        6.50906       -0.00000        0.00379        0.01500              3
Psco_497                                      1        7.26942        0.00000        0.00291        0.01500              3
Psco_561                                      1       10.06707        0.00000        0.00989        0.01500              3
Psco_767                                      1        7.91419        0.00000        0.00346        0.01500              3
Psco_531                                      1        8.48618        0.00000        0.00532        0.01500              3
Psco_856                                      1        6.54505        0.00000        0.00310        0.01500              3
Psco_784                                      1        6.04218        0.00000        0.00243        0.01500              3
Psco_628                                      1        9.59065        0.00000        0.00994        0.01500              3
Psco_801                                      1        4.44795        0.00000       -0.00379        0.01500              3
Psco_865                                      1       10.59284        0.00000        0.00626        0.01500              3
Psco_850                                      1        4.19552       -0.00000       -0.00432        0.01500              3
Psco_510                                      1        8.50549        0.00000        0.00360        0.01500              3
Psco_727                                      1        4.33122        0.00000       -0.00523        0.01500              3
Psco_305                                      1        5.21946        0.00000        0.00319        0.01000              2
Psco_330                                      1        3.62511        0.00000       -0.00063        0.01000              2
Psco_426                                      1        3.96427        0.00000       -0.00083        0.01000              2
Psco_170                                      1        5.71212        0.00000        0.00431        0.01000              2
Psco_435                                      1        5.62904        0.00000        0.00415        0.01000              2
Psco_950                                      1        8.17634        0.00000        0.00928        0.01000              2
Psco_1044                                     1        7.24129        0.00000        0.00799        0.01000              2
Psco_1021                                     1        9.85581        0.00000        0.01124        0.01000              2
Psco_641                                      1        5.86221        0.00000        0.00362        0.01000              2
Psco_635                                      1        6.22919        0.00000        0.00854        0.01000              2
Psco_564                                      1        6.98819        0.00000        0.00345        0.01000              2
Psco_787                                      1        9.54596        0.00000        0.01074        0.01000              2
Psco_599                                      1        3.57307        0.00000       -0.00095        0.01000              2
Psco_836                                      1        3.07445        0.00000       -0.00471        0.01000              2
Psco_377                                      1        5.90575        0.00000        0.00486        0.00500              1
Psco_378                                      1        1.73961        0.00000       -0.00421        0.00500              1
Psco_233                                      1        3.83750        0.00000        0.00459        0.00500              1
Psco_365                                      1        4.83957        0.00000        0.00598        0.00500              1
Psco_898                                      1        3.10307        0.00000        0.00256        0.00500              1
Psco_608                                      1        6.24288        0.00000        0.01000        0.00500              1
Psco_529                                      1        5.40143        0.00000        0.00446        0.00500              1
Psco_879                                      1        6.01410        0.00000        0.00526        0.00500              1
Psco_887                                      1        7.50106        0.00000        0.00471        0.00500              1
Psco_723                                      1        5.40405       -0.00000        0.00323        0.00500              1
Psco_832                                      1        1.03746        0.00000       -0.00447        0.00500              1
Psco_745                                      1        6.11009        0.00000        0.00363        0.00500              1
Psco_753                                      1        5.23036        0.00000        0.00147        0.00500              1
Psco_566                                      1        4.82120       -0.00000        0.00745        0.00500              1
Psco_851                                      1        6.67665        0.00000        0.00669        0.00500              1
Psco_892                                      2        5.13618        0.00000        0.00324        0.00500              1
Psco_448                                      2        7.85437        0.00000        0.00879        0.00500              1
Psco_456                                      2       -0.92060        0.00000       -0.00353        0.00500              1
Psco_488                                      2        4.72125        0.00000        0.00804        0.00500              1
Psco_104                                      2       -4.60991        0.00000       -0.00761        0.00500              1
Psco_489                                      2        4.64693        0.00000        0.00624        0.00500              1
Psco_315                                      2        5.36472        0.00000        0.00299        0.00500              1
Psco_466                                      2        6.81102        0.00000        0.00387        0.00500              1
Psco_356                                      2        5.29425        0.00000        0.00562        0.00500              1
Psco_203                                      2       -4.46870        0.00000       -0.00973        0.00500              1
Psco_428                                      2        6.54993        0.00000        0.00777        0.00500              1
Psco_436                                      2        4.29853        0.00000        0.00539        0.00500              1
Psco_444                                      2        0.84529        0.00000       -0.00452        0.00500              1
Psco_452                                      2        5.65333        0.00000        0.00479        0.00500              1
Psco_468                                      2        3.59230        0.00000        0.00109        0.00500              1
Psco_172                                      2        4.41201        0.00000        0.00653        0.00500              1
Psco_254                                      2        4.61829       -0.00000        0.00293        0.00500              1
Psco_414                                      2        4.27111        0.00000        0.00214        0.00500              1
Psco_422                                      2        3.41996        0.00000        0.00250        0.00500              1
Psco_470                                      2        1.39937        0.00000       -0.00055        0.00500              1
Psco_423                                      2        5.97097        0.00000        0.00448        0.00500              1
Psco_463                                      2        9.53471        0.00000        0.01050        0.00500              1
Psco_471                                      2        5.99767        0.00000        0.00532        0.00500              1
Psco_1038                                     2        3.58096        0.00000        0.00734        0.00500              1
Psco_895                                      2        8.38956        0.00000        0.00994        0.00500              1
Psco_1023                                     2        2.12804        0.00000        0.00052        0.00500              1
Psco_951                                      2        5.84055        0.00000        0.00745        0.00500              1
Psco_967                                      2       -1.52789        0.00000       -0.00126        0.00500              1
Psco_992                                      2        3.76441        0.00000        0.00328        0.00500              1
Psco_944                                      2        3.16035        0.00000        0.00282        0.00500              1
Psco_952                                      2        6.53273        0.00000        0.01150        0.00500              1
Psco_1009                                     2        6.66155        0.00000        0.00906        0.00500              1
Psco_937                                      2        6.82539        0.00000        0.00981        0.00500              1
Psco_1041                                     2        5.63476        0.00000        0.00891        0.00500              1
Psco_961                                      2        0.28181        0.00000       -0.00093        0.00500              1
Psco_914                                      2        5.83793        0.00000        0.01041        0.00500              1
Psco_1010                                     2        4.02914        0.00000        0.00680        0.00500              1
Psco_1050                                     2        6.17488        0.00000        0.00309        0.00500              1
Psco_978                                      2        4.08019        0.00000        0.00788        0.00500              1
Psco_923                                      2        4.93091        0.00000        0.00462        0.00500              1
Psco_1027                                     2        6.49406        0.00000        0.00339        0.00500              1
Psco_1035                                     2        6.22320        0.00000        0.00889        0.00500              1
Psco_932                                      2        5.64787        0.00000        0.00626        0.00500              1
Psco_933                                      2        5.09727        0.00000        0.00350        0.00500              1
Psco_989                                      2        4.84260        0.00000        0.00313        0.00500              1
Psco_512                                      2        5.64562        0.00000        0.00701        0.00500              1
Psco_568                                      2        2.99870        0.00000        0.00348        0.00500              1
Psco_664                                      2       10.43956       -0.00000        0.00576        0.00500              1
Psco_584                                      2        3.15777        0.00000       -0.00486        0.00500              1
Psco_821                                      2        5.14546        0.00000        0.00864        0.00500              1
Psco_749                                      2        4.76401        0.00000        0.00888        0.00500              1
Psco_877                                      2        4.13268        0.00000        0.00118        0.00500              1
Psco_505                                      2        8.74705        0.00000        0.00929        0.00500              1
Psco_545                                      2        2.71433        0.00000        0.00210        0.00500              1
Psco_569                                      2        7.08021        0.00000        0.00481        0.00500              1
Psco_577                                      2        7.19774        0.00000        0.00576        0.00500              1
Psco_830                                      2        8.48510        0.00000        0.00929        0.00500              1
Psco_838                                      2        5.48228        0.00000        0.01060        0.00500              1
Psco_766                                      2        7.62185        0.00000        0.00482        0.00500              1
Psco_774                                      2        3.88317        0.00000        0.00114        0.00500              1
Psco_790                                      2        5.42362        0.00000        0.00448        0.00500              1
Psco_799                                      2        6.85686        0.00000        0.00633        0.00500              1
Psco_823                                      2        5.75976        0.00000        0.00439        0.00500              1
Psco_855                                      2        6.66857       -0.00000        0.00455        0.00500              1
Psco_871                                      2        3.32088        0.00000        0.00231        0.00500              1
Psco_791                                      2       10.54760        0.00000        0.01022        0.00500              1
Psco_523                                      2        7.47891        0.00000        0.00383        0.00500              1
Psco_587                                      2        6.20851        0.00000        0.00667        0.00500              1
Psco_699                                      2        8.90110        0.00000        0.01074        0.00500              1
Psco_816                                      2        3.82881        0.00000        0.00429        0.00500              1
Psco_824                                      2        8.64960        0.00000        0.00943        0.00500              1
Psco_872                                      2        4.45833        0.00000        0.00028        0.00500              1
Psco_792                                      2        4.63557        0.00000        0.00449        0.00500              1
Psco_500                                      2        9.42145        0.00000        0.00859        0.00500              1
Psco_612                                      2        8.61582        0.00000        0.00870        0.00500              1
Psco_636                                      2        4.51599        0.00000        0.00801        0.00500              1
Psco_556                                      2        3.66415        0.00000        0.00372        0.00500              1
Psco_817                                      2        8.17170        0.00000        0.00896        0.00500              1
Psco_833                                      2        2.89531        0.00000        0.00211        0.00500              1
Psco_761                                      2        6.84534        0.00000        0.00829        0.00500              1
Psco_605                                      2        9.10975        0.00000        0.00350        0.00500              1
Psco_533                                      2        6.05027        0.00000        0.00856        0.00500              1
Psco_858                                      2        5.14757        0.00000       -0.00258        0.00500              1
Psco_866                                      2        7.64401        0.00000        0.00512        0.00500              1
Psco_598                                      2        5.56123        0.00000        0.00602        0.00500              1
Psco_606                                      2        4.61531        0.00000        0.00334        0.00500              1
Psco_550                                      2        6.33684        0.00000        0.00482        0.00500              1
Psco_590                                      2        4.76011        0.00000        0.00890        0.00500              1
Psco_694                                      2        7.83237        0.00000        0.00968        0.00500              1
Psco_702                                      2        5.34159        0.00000        0.00356        0.00500              1
Psco_718                                      2        7.19325       -0.00000        0.00646        0.00500              1
Psco_859                                      2        4.59919        0.00000        0.00555        0.00500              1
Psco_891                                      2        5.22867        0.00000        0.00712        0.00500              1
Psco_615                                      2        4.27348        0.00000        0.00402        0.00500              1
Psco_639                                      2        6.10293        0.00000        0.00171        0.00500              1
Psco_583                                      2        5.92870        0.00000        0.00167        0.00500              1
Psco_695                                      2        5.94869        0.00000        0.00387        0.00500              1
Psco_756                                      2        8.50102        0.00000        0.00961        0.00500              1
Psco_780                                      2        4.72130        0.00000        0.00396        0.00500              1
Psco_884                                      2        8.20410        0.00000        0.00508        0.00500              1
