                              Id         Gender   SelCriterion AvgCoancestryA AvgCoancestryC   Contribution  nContribution
Psco_377                                      1        5.90575        0.00000        0.00263        0.01000              2
Psco_233                                      1        3.83750        0.00000       -0.00015        0.01000              2
Psco_459                                      1        5.03057       -0.00000        0.00211        0.01000              2
Psco_295                                      1       -1.33858        0.00000       -0.00279        0.01000              2
Psco_990                                      1       10.19477        0.00000        0.00334        0.01000              2
Psco_930                                      1        6.58836        0.00000        0.00257        0.01000              2
Psco_1044                                     1        7.24129        0.00000        0.00207        0.01000              2
Psco_767                                      1        7.91419        0.00000        0.00116        0.01000              2
Psco_510                                      1        8.50549        0.00000        0.00098        0.01000              2
Psco_876                                      1        4.72680        0.00000        0.00223        0.01000              2
Psco_207                                      1       -5.03728        0.00000       -0.00171        0.00500              1
Psco_183                                      1        2.42167        0.00000        0.00171        0.00500              1
Psco_305                                      1        5.21946        0.00000        0.00007        0.00500              1
Psco_216                                      1        3.37328        0.00000        0.00010        0.00500              1
Psco_232                                      1      -11.14201        0.00000       -0.00485        0.00500              1
Psco_184                                      1        1.53586        0.00000       -0.00039        0.00500              1
Psco_290                                      1       -6.33844        0.00000       -0.00174        0.00500              1
Psco_314                                      1      -10.95579        0.00000       -0.00328        0.00500              1
Psco_330                                      1        3.62511        0.00000        0.00184        0.00500              1
Psco_354                                      1       -3.28910        0.00000       -0.00356        0.00500              1
Psco_378                                      1        1.73961        0.00000        0.00147        0.00500              1
Psco_250                                      1      -10.64494        0.00000       -0.00355        0.00500              1
Psco_426                                      1        3.96427        0.00000        0.00143        0.00500              1
Psco_363                                      1       -6.81764        0.00000       -0.00366        0.00500              1
Psco_163                                      1       -6.54737        0.00000       -0.00331        0.00500              1
Psco_212                                      1        1.55127        0.00000       -0.00100        0.00500              1
Psco_148                                      1       -1.41612        0.00000       -0.00287        0.00500              1
Psco_429                                      1        6.12330        0.00000        0.00353        0.00500              1
Psco_453                                      1        6.09350        0.00000        0.00288        0.00500              1
Psco_125                                      1       -2.92686        0.00000       -0.00054        0.00500              1
Psco_255                                      1        1.36704        0.00000        0.00171        0.00500              1
Psco_352                                      1       -5.03405        0.00000       -0.00210        0.00500              1
Psco_942                                      1       -0.38624        0.00000        0.00095        0.00500              1
Psco_1039                                     1        2.69030       -0.00000        0.00125        0.00500              1
Psco_975                                      1        0.37380        0.00000        0.00186        0.00500              1
Psco_928                                      1        8.20172        0.00000        0.00155        0.00500              1
Psco_1040                                     1        9.52955        0.00000        0.00504        0.00500              1
Psco_984                                      1        4.19060        0.00000       -0.00142        0.00500              1
Psco_1001                                     1        6.23697        0.00000        0.00429        0.00500              1
Psco_1033                                     1        9.69979        0.00000        0.00376        0.00500              1
Psco_1042                                     1        2.12292        0.00000        0.00144        0.00500              1
Psco_970                                      1        1.81109        0.00000        0.00210        0.00500              1
Psco_947                                      1        7.28698        0.00000        0.00316        0.00500              1
Psco_1036                                     1        2.15271        0.00000        0.00029        0.00500              1
Psco_1021                                     1        9.85581        0.00000        0.00450        0.00500              1
Psco_957                                      1        2.64797        0.00000        0.00124        0.00500              1
Psco_291                                      1       -9.74252        0.00000       -0.00291        0.00500              1
Psco_608                                      1        6.24288        0.00000        0.00167        0.00500              1
Psco_656                                      1        4.81656        0.00000        0.00418        0.00500              1
Psco_680                                      1        6.97754        0.00000        0.00403        0.00500              1
Psco_797                                      1        6.16326        0.00000        0.00332        0.00500              1
Psco_813                                      1        3.88545        0.00000        0.00058        0.00500              1
Psco_781                                      1        6.50906       -0.00000        0.00170        0.00500              1
Psco_601                                      1        0.65710        0.00000       -0.00020        0.00500              1
Psco_609                                      1        3.67468        0.00000        0.00235        0.00500              1
Psco_529                                      1        5.40143        0.00000        0.00198        0.00500              1
Psco_641                                      1        5.86221        0.00000        0.00099        0.00500              1
Psco_561                                      1       10.06707        0.00000        0.00271        0.00500              1
Psco_681                                      1        5.94840        0.00000        0.00408        0.00500              1
Psco_854                                      1        6.71231        0.00000        0.00306        0.00500              1
Psco_714                                      1        1.99269        0.00000        0.00074        0.00500              1
Psco_759                                      1        3.07267        0.00000        0.00408        0.00500              1
Psco_775                                      1        4.14514        0.00000        0.00115        0.00500              1
Psco_879                                      1        6.01410        0.00000        0.00124        0.00500              1
Psco_887                                      1        7.50106        0.00000        0.00309        0.00500              1
Psco_611                                      1        2.20410        0.00000       -0.00150        0.00500              1
Psco_856                                      1        6.54505        0.00000        0.00257        0.00500              1
Psco_784                                      1        6.04218        0.00000        0.00275        0.00500              1
Psco_888                                      1        4.31198        0.00000        0.00322        0.00500              1
Psco_628                                      1        9.59065        0.00000        0.00308        0.00500              1
Psco_564                                      1        6.98819        0.00000        0.00139        0.00500              1
Psco_801                                      1        4.44795        0.00000       -0.00055        0.00500              1
Psco_745                                      1        6.11009        0.00000        0.00278        0.00500              1
Psco_857                                      1        5.79180        0.00000        0.00315        0.00500              1
Psco_865                                      1       10.59284        0.00000        0.00141        0.00500              1
Psco_881                                      1        3.02804        0.00000        0.00045        0.00500              1
Psco_501                                      1        5.17740        0.00000        0.00251        0.00500              1
Psco_621                                      1        5.20617        0.00000        0.00179        0.00500              1
Psco_637                                      1        4.92580        0.00000        0.00313        0.00500              1
Psco_709                                      1        4.06802       -0.00000        0.00090        0.00500              1
Psco_818                                      1        2.96619        0.00000        0.00172        0.00500              1
Psco_834                                      1        1.63852        0.00000        0.00033        0.00500              1
Psco_526                                      1        5.31506        0.00000        0.00285        0.00500              1
Psco_566                                      1        4.82120       -0.00000        0.00416        0.00500              1
Psco_787                                      1        9.54596        0.00000        0.00280        0.00500              1
Psco_599                                      1        3.57307        0.00000        0.00097        0.00500              1
Psco_631                                      1        1.74092        0.00000        0.00171        0.00500              1
Psco_559                                      1        6.36064        0.00000        0.00297        0.00500              1
Psco_711                                      1        1.57301        0.00000        0.00048        0.00500              1
Psco_727                                      1        4.33122        0.00000       -0.00099        0.00500              1
Psco_440                                      2        0.39110        0.00000        0.00093        0.00500              1
Psco_448                                      2        7.85437        0.00000        0.00137        0.00500              1
Psco_456                                      2       -0.92060        0.00000        0.00010        0.00500              1
Psco_488                                      2        4.72125        0.00000        0.00440        0.00500              1
Psco_104                                      2       -4.60991        0.00000       -0.00241        0.00500              1
Psco_120                                      2       -2.95195        0.00000        0.00064        0.00500              1
Psco_282                                      2       -9.83330       -0.00000       -0.00198        0.00500              1
Psco_489                                      2        4.64693        0.00000        0.00366        0.00500              1
Psco_113                                      2       -3.24132        0.00000        0.00101        0.00500              1
Psco_129                                      2       -2.32892        0.00000       -0.00196        0.00500              1
Psco_137                                      2       -6.80704        0.00000       -0.00251        0.00500              1
Psco_185                                      2       -9.09372        0.00000       -0.00301        0.00500              1
Psco_315                                      2        5.36472        0.00000       -0.00029        0.00500              1
Psco_466                                      2        6.81102        0.00000        0.00244        0.00500              1
Psco_146                                      2       -1.51885        0.00000        0.00194        0.00500              1
Psco_380                                      2        2.91435        0.00000       -0.00022        0.00500              1
Psco_389                                      2       -7.36137       -0.00000       -0.00398        0.00500              1
Psco_420                                      2        0.46369        0.00000        0.00057        0.00500              1
Psco_444                                      2        0.84529        0.00000       -0.00081        0.00500              1
Psco_452                                      2        5.65333        0.00000        0.00271        0.00500              1
Psco_460                                      2        1.51555        0.00000        0.00217        0.00500              1
Psco_468                                      2        3.59230        0.00000        0.00259        0.00500              1
Psco_476                                      2        3.19004        0.00000        0.00102        0.00500              1
Psco_116                                      2       -4.05981        0.00000       -0.00213        0.00500              1
Psco_236                                      2       -2.98917        0.00000        0.00170        0.00500              1
Psco_172                                      2        4.41201        0.00000        0.00079        0.00500              1
Psco_294                                      2       -1.98843        0.00000       -0.00244        0.00500              1
Psco_318                                      2       -5.75173        0.00000       -0.00127        0.00500              1
Psco_350                                      2       -1.67405        0.00000        0.00198        0.00500              1
Psco_414                                      2        4.27111        0.00000        0.00239        0.00500              1
Psco_470                                      2        1.39937        0.00000       -0.00193        0.00500              1
Psco_110                                      2        0.24495        0.00000       -0.00032        0.00500              1
Psco_142                                      2       -8.14789        0.00000       -0.00192        0.00500              1
Psco_296                                      2       -0.21919        0.00000        0.00254        0.00500              1
Psco_304                                      2        0.74246        0.00000        0.00047        0.00500              1
Psco_423                                      2        5.97097        0.00000        0.00229        0.00500              1
Psco_471                                      2        5.99767        0.00000        0.00120        0.00500              1
Psco_1038                                     2        3.58096        0.00000        0.00014        0.00500              1
Psco_958                                      2        3.35784        0.00000        0.00323        0.00500              1
Psco_895                                      2        8.38956        0.00000        0.00309        0.00500              1
Psco_951                                      2        5.84055        0.00000        0.00071        0.00500              1
Psco_992                                      2        3.76441        0.00000        0.00167        0.00500              1
Psco_944                                      2        3.16035        0.00000        0.00201        0.00500              1
Psco_952                                      2        6.53273        0.00000        0.00356        0.00500              1
Psco_1009                                     2        6.66155        0.00000        0.00482        0.00500              1
Psco_937                                      2        6.82539        0.00000        0.00293        0.00500              1
Psco_914                                      2        5.83793        0.00000        0.00029        0.00500              1
Psco_1010                                     2        4.02914        0.00000        0.00009        0.00500              1
Psco_978                                      2        4.08019        0.00000        0.00137        0.00500              1
Psco_923                                      2        4.93091        0.00000        0.00086        0.00500              1
Psco_1027                                     2        6.49406        0.00000        0.00027        0.00500              1
Psco_932                                      2        5.64787        0.00000        0.00318        0.00500              1
Psco_989                                      2        4.84260        0.00000        0.00132        0.00500              1
Psco_512                                      2        5.64562        0.00000        0.00169        0.00500              1
Psco_528                                      2        1.71085        0.00000        0.00191        0.00500              1
Psco_648                                      2        2.96471        0.00000        0.00236        0.00500              1
Psco_568                                      2        2.99870        0.00000        0.00127        0.00500              1
Psco_584                                      2        3.15777        0.00000       -0.00056        0.00500              1
Psco_688                                      2        6.63816        0.00000        0.00218        0.00500              1
Psco_821                                      2        5.14546        0.00000       -0.00067        0.00500              1
Psco_773                                      2        0.85613        0.00000        0.00012        0.00500              1
Psco_877                                      2        4.13268        0.00000        0.00034        0.00500              1
Psco_505                                      2        8.74705        0.00000        0.00377        0.00500              1
Psco_521                                      2        2.54945        0.00000        0.00259        0.00500              1
Psco_537                                      2        4.22653       -0.00000        0.00101        0.00500              1
Psco_545                                      2        2.71433        0.00000        0.00000        0.00500              1
Psco_569                                      2        7.08021        0.00000        0.00297        0.00500              1
Psco_577                                      2        7.19774        0.00000        0.00287        0.00500              1
Psco_806                                      2        0.93408        0.00000        0.00108        0.00500              1
Psco_721                                      2        1.28896        0.00000        0.00185        0.00500              1
Psco_766                                      2        7.62185        0.00000        0.00173        0.00500              1
Psco_570                                      2        1.71318        0.00000        0.00138        0.00500              1
Psco_871                                      2        3.32088        0.00000        0.00114        0.00500              1
Psco_791                                      2       10.54760        0.00000        0.00531        0.00500              1
Psco_523                                      2        7.47891        0.00000        0.00292        0.00500              1
Psco_627                                      2        2.58340        0.00000        0.00188        0.00500              1
Psco_699                                      2        8.90110        0.00000        0.00301        0.00500              1
Psco_816                                      2        3.82881        0.00000        0.00205        0.00500              1
Psco_792                                      2        4.63557        0.00000        0.00254        0.00500              1
Psco_500                                      2        9.42145        0.00000        0.00312        0.00500              1
Psco_620                                      2        1.61827        0.00000        0.00265        0.00500              1
Psco_692                                      2        3.00451        0.00000        0.00058        0.00500              1
Psco_833                                      2        2.89531        0.00000        0.00099        0.00500              1
Psco_849                                      2       -2.15457        0.00000        0.00151        0.00500              1
Psco_605                                      2        9.10975        0.00000        0.00297        0.00500              1
Psco_533                                      2        6.05027        0.00000        0.00088        0.00500              1
Psco_858                                      2        5.14757        0.00000        0.00016        0.00500              1
Psco_550                                      2        6.33684        0.00000        0.00318        0.00500              1
Psco_590                                      2        4.76011        0.00000       -0.00022        0.00500              1
Psco_694                                      2        7.83237        0.00000        0.00308        0.00500              1
Psco_702                                      2        5.34159        0.00000        0.00361        0.00500              1
Psco_811                                      2        1.23556        0.00000        0.00180        0.00500              1
Psco_891                                      2        5.22867        0.00000        0.00488        0.00500              1
Psco_615                                      2        4.27348        0.00000        0.00118        0.00500              1
Psco_639                                      2        6.10293        0.00000        0.00254        0.00500              1
Psco_583                                      2        5.92870        0.00000        0.00046        0.00500              1
Psco_812                                      2        2.54959        0.00000        0.00006        0.00500              1
Psco_820                                      2        2.63509        0.00000        0.00084        0.00500              1
Psco_780                                      2        4.72130        0.00000        0.00193        0.00500              1
Psco_884                                      2        8.20410        0.00000        0.00196        0.00500              1
