                              Id         Gender   SelCriterion AvgCoancestryA AvgCoancestryC   Contribution  nContribution
Psco_485                                      1        7.85372        0.00000        0.02433        0.01500              3
Psco_990                                      1       10.19477        0.00000        0.02465        0.01500              3
Psco_950                                      1        8.17634        0.00000        0.01151        0.01500              3
Psco_974                                      1        8.58192        0.00000        0.01381        0.01500              3
Psco_928                                      1        8.20172        0.00000        0.00750        0.01500              3
Psco_1040                                     1        9.52955        0.00000        0.02638        0.01500              3
Psco_1017                                     1        8.15256        0.00000        0.02560        0.01500              3
Psco_1033                                     1        9.69979        0.00000        0.01736        0.01500              3
Psco_930                                      1        6.58836        0.00000        0.00417        0.01500              3
Psco_899                                      1        7.03092        0.00000        0.01565        0.01500              3
Psco_947                                      1        7.28698        0.00000        0.01633        0.01500              3
Psco_1044                                     1        7.24129        0.00000        0.02264        0.01500              3
Psco_1021                                     1        9.85581        0.00000        0.02527        0.01500              3
Psco_1037                                     1        8.21798        0.00000        0.02766        0.01500              3
Psco_608                                      1        6.24288        0.00000        0.01441        0.01500              3
Psco_781                                      1        6.50906       -0.00000        0.00240        0.01500              3
Psco_497                                      1        7.26942        0.00000        0.00330        0.01500              3
Psco_561                                      1       10.06707        0.00000        0.01371        0.01500              3
Psco_854                                      1        6.71231        0.00000        0.01549        0.01500              3
Psco_767                                      1        7.91419        0.00000        0.00603        0.01500              3
Psco_879                                      1        6.01410        0.00000        0.00232        0.01500              3
Psco_887                                      1        7.50106        0.00000        0.01486        0.01500              3
Psco_531                                      1        8.48618        0.00000        0.01571        0.01500              3
Psco_707                                      1        6.72924        0.00000        0.01551        0.01500              3
Psco_856                                      1        6.54505        0.00000        0.00216        0.01500              3
Psco_628                                      1        9.59065        0.00000        0.02479        0.01500              3
Psco_564                                      1        6.98819        0.00000        0.00020        0.01500              3
Psco_745                                      1        6.11009        0.00000        0.00494        0.01500              3
Psco_865                                      1       10.59284        0.00000        0.00341        0.01500              3
Psco_746                                      1        7.17138        0.00000        0.00639        0.01500              3
Psco_510                                      1        8.50549        0.00000       -0.00298        0.01500              3
Psco_851                                      1        6.67665        0.00000        0.00793        0.01500              3
Psco_787                                      1        9.54596        0.00000        0.01497        0.01500              3
Psco_797                                      1        6.16326        0.00000        0.01554        0.00500              1
Psco_892                                      2        5.13618        0.00000        0.00821        0.00500              1
Psco_448                                      2        7.85437        0.00000        0.01051        0.00500              1
Psco_488                                      2        4.72125        0.00000        0.00544        0.00500              1
Psco_489                                      2        4.64693        0.00000        0.00485        0.00500              1
Psco_315                                      2        5.36472        0.00000       -0.00107        0.00500              1
Psco_466                                      2        6.81102        0.00000        0.00363        0.00500              1
Psco_356                                      2        5.29425        0.00000       -0.00045        0.00500              1
Psco_380                                      2        2.91435        0.00000       -0.00078        0.00500              1
Psco_428                                      2        6.54993        0.00000        0.02165        0.00500              1
Psco_436                                      2        4.29853        0.00000        0.00865        0.00500              1
Psco_452                                      2        5.65333        0.00000        0.00350        0.00500              1
Psco_468                                      2        3.59230        0.00000        0.00876        0.00500              1
Psco_476                                      2        3.19004        0.00000        0.00285        0.00500              1
Psco_172                                      2        4.41201        0.00000       -0.00098        0.00500              1
Psco_254                                      2        4.61829       -0.00000        0.00009        0.00500              1
Psco_414                                      2        4.27111        0.00000        0.01055        0.00500              1
Psco_423                                      2        5.97097        0.00000        0.00558        0.00500              1
Psco_463                                      2        9.53471        0.00000        0.01374        0.00500              1
Psco_471                                      2        5.99767        0.00000        0.00108        0.00500              1
Psco_1038                                     2        3.58096        0.00000        0.01316        0.00500              1
Psco_958                                      2        3.35784        0.00000        0.01659        0.00500              1
Psco_895                                      2        8.38956        0.00000        0.01347        0.00500              1
Psco_951                                      2        5.84055        0.00000        0.00909        0.00500              1
Psco_992                                      2        3.76441        0.00000        0.00232        0.00500              1
Psco_944                                      2        3.16035        0.00000        0.00469        0.00500              1
Psco_952                                      2        6.53273        0.00000        0.01865        0.00500              1
Psco_1009                                     2        6.66155        0.00000        0.00781        0.00500              1
Psco_937                                      2        6.82539        0.00000        0.01774        0.00500              1
Psco_1041                                     2        5.63476        0.00000        0.01341        0.00500              1
Psco_914                                      2        5.83793        0.00000        0.01479        0.00500              1
Psco_1010                                     2        4.02914        0.00000        0.01310        0.00500              1
Psco_1050                                     2        6.17488        0.00000        0.01230        0.00500              1
Psco_978                                      2        4.08019        0.00000        0.01239        0.00500              1
Psco_923                                      2        4.93091        0.00000        0.00289        0.00500              1
Psco_1027                                     2        6.49406        0.00000        0.00276        0.00500              1
Psco_1035                                     2        6.22320        0.00000        0.00759        0.00500              1
Psco_932                                      2        5.64787        0.00000        0.02109        0.00500              1
Psco_933                                      2        5.09727        0.00000        0.00613        0.00500              1
Psco_989                                      2        4.84260        0.00000        0.00298        0.00500              1
Psco_512                                      2        5.64562        0.00000        0.01206        0.00500              1
Psco_664                                      2       10.43956       -0.00000        0.00157        0.00500              1
Psco_584                                      2        3.15777        0.00000       -0.01529        0.00500              1
Psco_688                                      2        6.63816        0.00000        0.01408        0.00500              1
Psco_696                                      2        4.26263        0.00000        0.01234        0.00500              1
Psco_821                                      2        5.14546        0.00000        0.01273        0.00500              1
Psco_749                                      2        4.76401        0.00000        0.01419        0.00500              1
Psco_877                                      2        4.13268        0.00000       -0.00612        0.00500              1
Psco_505                                      2        8.74705        0.00000        0.02548        0.00500              1
Psco_537                                      2        4.22653       -0.00000        0.00000        0.00500              1
Psco_649                                      2        6.95907        0.00000        0.02766        0.00500              1
Psco_569                                      2        7.08021        0.00000        0.01380        0.00500              1
Psco_577                                      2        7.19774        0.00000        0.01810        0.00500              1
Psco_830                                      2        8.48510        0.00000        0.02211        0.00500              1
Psco_838                                      2        5.48228        0.00000        0.01552        0.00500              1
Psco_766                                      2        7.62185        0.00000        0.00655        0.00500              1
Psco_774                                      2        3.88317        0.00000       -0.00534        0.00500              1
Psco_790                                      2        5.42362        0.00000        0.00406        0.00500              1
Psco_799                                      2        6.85686        0.00000        0.01412        0.00500              1
Psco_823                                      2        5.75976        0.00000        0.00639        0.00500              1
Psco_855                                      2        6.66857       -0.00000        0.00006        0.00500              1
Psco_871                                      2        3.32088        0.00000        0.00822        0.00500              1
Psco_791                                      2       10.54760        0.00000        0.02609        0.00500              1
Psco_507                                      2        6.37652        0.00000        0.02611        0.00500              1
Psco_515                                      2        3.15417        0.00000        0.00272        0.00500              1
Psco_523                                      2        7.47891        0.00000        0.00026        0.00500              1
Psco_587                                      2        6.20851        0.00000        0.01455        0.00500              1
Psco_699                                      2        8.90110        0.00000        0.01344        0.00500              1
Psco_816                                      2        3.82881        0.00000        0.00309        0.00500              1
Psco_824                                      2        8.64960        0.00000        0.02687        0.00500              1
Psco_872                                      2        4.45833        0.00000       -0.00817        0.00500              1
Psco_792                                      2        4.63557        0.00000        0.00783        0.00500              1
Psco_500                                      2        9.42145        0.00000        0.02462        0.00500              1
Psco_596                                      2        7.05623        0.00000        0.01315        0.00500              1
Psco_612                                      2        8.61582        0.00000        0.02623        0.00500              1
Psco_636                                      2        4.51599        0.00000        0.02243        0.00500              1
Psco_817                                      2        8.17170        0.00000        0.02356        0.00500              1
Psco_761                                      2        6.84534        0.00000        0.00941        0.00500              1
Psco_605                                      2        9.10975        0.00000        0.00192        0.00500              1
Psco_533                                      2        6.05027        0.00000        0.01291        0.00500              1
Psco_557                                      2        5.93360        0.00000        0.02609        0.00500              1
Psco_858                                      2        5.14757        0.00000       -0.01343        0.00500              1
Psco_866                                      2        7.64401        0.00000        0.00946        0.00500              1
Psco_598                                      2        5.56123        0.00000        0.00520        0.00500              1
Psco_606                                      2        4.61531        0.00000       -0.00018        0.00500              1
Psco_550                                      2        6.33684        0.00000        0.00738        0.00500              1
Psco_590                                      2        4.76011        0.00000        0.01338        0.00500              1
Psco_694                                      2        7.83237        0.00000        0.01660        0.00500              1
Psco_702                                      2        5.34159        0.00000        0.01403        0.00500              1
Psco_718                                      2        7.19325       -0.00000        0.00256        0.00500              1
Psco_859                                      2        4.59919        0.00000        0.01271        0.00500              1
Psco_891                                      2        5.22867        0.00000        0.00447        0.00500              1
Psco_615                                      2        4.27348        0.00000        0.00266        0.00500              1
Psco_639                                      2        6.10293        0.00000        0.00023        0.00500              1
Psco_663                                      2        5.07404        0.00000        0.02224        0.00500              1
Psco_671                                      2        5.79916        0.00000        0.00492        0.00500              1
Psco_583                                      2        5.92870        0.00000       -0.00015        0.00500              1
Psco_695                                      2        5.94869        0.00000        0.01273        0.00500              1
Psco_756                                      2        8.50102        0.00000        0.01276        0.00500              1
Psco_780                                      2        4.72130        0.00000        0.00459        0.00500              1
Psco_884                                      2        8.20410        0.00000        0.00750        0.00500              1
