                              Id         Gender   SelCriterion AvgCoancestryA AvgCoancestryC   Contribution  nContribution
Psco_1033                                     1        9.69979        0.00000       -0.00135        0.01000              2
Psco_215                                      1      -10.05070        0.00000       -0.00169        0.01000              2
Psco_314                                      1      -10.95579        0.00000       -0.00256        0.01000              2
Psco_292                                      1       -0.30287        0.00000       -0.00055        0.01000              2
Psco_365                                      1        4.83957        0.00000        0.00008        0.01000              2
Psco_278                                      1       -2.57223        0.00000        0.00162        0.01000              2
Psco_485                                      1        7.85372        0.00000       -0.00196        0.01000              2
Psco_974                                      1        8.58192        0.00000        0.00069        0.01000              2
Psco_928                                      1        8.20172        0.00000        0.00188        0.01000              2
Psco_608                                      1        6.24288        0.00000       -0.00000        0.01000              2
Psco_879                                      1        6.01410        0.00000        0.00173        0.01000              2
Psco_784                                      1        6.04218        0.00000        0.00011        0.01000              2
Psco_628                                      1        9.59065        0.00000       -0.00037        0.01000              2
Psco_223                                      1       -0.38772        0.00000        0.00144        0.00500              1
Psco_289                                      1      -13.94996        0.00000       -0.00208        0.00500              1
Psco_345                                      1       -6.20488        0.00000        0.00044        0.00500              1
Psco_353                                      1       -3.15316        0.00000       -0.00294        0.00500              1
Psco_377                                      1        5.90575        0.00000        0.00178        0.00500              1
Psco_208                                      1        0.64229        0.00000        0.00171        0.00500              1
Psco_216                                      1        3.37328        0.00000        0.00200        0.00500              1
Psco_338                                      1        3.43303        0.00000        0.00197        0.00500              1
Psco_354                                      1       -3.28910        0.00000       -0.00104        0.00500              1
Psco_378                                      1        1.73961        0.00000        0.00187        0.00500              1
Psco_250                                      1      -10.64494        0.00000       -0.00254        0.00500              1
Psco_426                                      1        3.96427        0.00000        0.00111        0.00500              1
Psco_194                                      1       -9.06386        0.00000       -0.00139        0.00500              1
Psco_202                                      1       -2.30391        0.00000       -0.00247        0.00500              1
Psco_170                                      1        5.71212        0.00000        0.00193        0.00500              1
Psco_178                                      1       -5.85465        0.00000       -0.00082        0.00500              1
Psco_300                                      1        1.49896        0.00000        0.00213        0.00500              1
Psco_427                                      1        2.02535        0.00000        0.00074        0.00500              1
Psco_435                                      1        5.62904        0.00000        0.00072        0.00500              1
Psco_301                                      1       -0.96130        0.00000        0.00086        0.00500              1
Psco_349                                      1        1.07395        0.00000        0.00014        0.00500              1
Psco_125                                      1       -2.92686        0.00000       -0.00030        0.00500              1
Psco_181                                      1       -4.14112        0.00000       -0.00059        0.00500              1
Psco_295                                      1       -1.33858        0.00000       -0.00011        0.00500              1
Psco_454                                      1        4.18137        0.00000        0.00072        0.00500              1
Psco_198                                      1       -6.55712        0.00000       -0.00051        0.00500              1
Psco_214                                      1       -0.19576        0.00000        0.00049        0.00500              1
Psco_255                                      1        1.36704        0.00000        0.00193        0.00500              1
Psco_439                                      1        4.69461        0.00000        0.00124        0.00500              1
Psco_999                                      1        2.88786        0.00000        0.00245        0.00500              1
Psco_1015                                     1        2.28141        0.00000        0.00109        0.00500              1
Psco_975                                      1        0.37380        0.00000        0.00172        0.00500              1
Psco_904                                      1        2.26038        0.00000        0.00075        0.00500              1
Psco_1008                                     1        2.01428        0.00000        0.00148        0.00500              1
Psco_1040                                     1        9.52955        0.00000       -0.00094        0.00500              1
Psco_960                                      1        4.11948        0.00000        0.00322        0.00500              1
Psco_984                                      1        4.19060        0.00000        0.00152        0.00500              1
Psco_939                                      1        2.95890        0.00000       -0.00016        0.00500              1
Psco_1021                                     1        9.85581        0.00000       -0.00011        0.00500              1
Psco_624                                      1        1.55939        0.00000       -0.00029        0.00500              1
Psco_656                                      1        4.81656        0.00000       -0.00018        0.00500              1
Psco_680                                      1        6.97754        0.00000       -0.00125        0.00500              1
Psco_797                                      1        6.16326        0.00000       -0.00023        0.00500              1
Psco_781                                      1        6.50906       -0.00000        0.00373        0.00500              1
Psco_497                                      1        7.26942        0.00000        0.00112        0.00500              1
Psco_601                                      1        0.65710        0.00000        0.00100        0.00500              1
Psco_513                                      1        2.19926        0.00000        0.00149        0.00500              1
Psco_529                                      1        5.40143        0.00000        0.00100        0.00500              1
Psco_594                                      1        2.49764        0.00000        0.00065        0.00500              1
Psco_714                                      1        1.99269        0.00000        0.00078        0.00500              1
Psco_759                                      1        3.07267        0.00000        0.00426        0.00500              1
Psco_767                                      1        7.91419        0.00000        0.00161        0.00500              1
Psco_603                                      1        2.91438        0.00000        0.00061        0.00500              1
Psco_611                                      1        2.20410        0.00000        0.00131        0.00500              1
Psco_531                                      1        8.48618        0.00000       -0.00017        0.00500              1
Psco_571                                      1        2.67129        0.00000        0.00192        0.00500              1
Psco_707                                      1        6.72924        0.00000       -0.00026        0.00500              1
Psco_715                                      1        1.56493        0.00000        0.00467        0.00500              1
Psco_832                                      1        1.03746        0.00000        0.00141        0.00500              1
Psco_801                                      1        4.44795        0.00000        0.00106        0.00500              1
Psco_825                                      1        1.39988        0.00000        0.00086        0.00500              1
Psco_745                                      1        6.11009        0.00000        0.00016        0.00500              1
Psco_818                                      1        2.96619        0.00000        0.00062        0.00500              1
Psco_850                                      1        4.19552       -0.00000        0.00098        0.00500              1
Psco_510                                      1        8.50549        0.00000        0.00274        0.00500              1
Psco_526                                      1        5.31506        0.00000        0.00097        0.00500              1
Psco_662                                      1        3.13820        0.00000       -0.00002        0.00500              1
Psco_670                                      1        3.40852        0.00000        0.00361        0.00500              1
Psco_582                                      1        2.46079        0.00000        0.00069        0.00500              1
Psco_819                                      1        3.36559        0.00000       -0.00064        0.00500              1
Psco_843                                      1        2.94621        0.00000        0.00157        0.00500              1
Psco_787                                      1        9.54596        0.00000        0.00247        0.00500              1
Psco_711                                      1        1.57301        0.00000        0.00348        0.00500              1
Psco_748                                      1        3.14983        0.00000       -0.00103        0.00500              1
Psco_135                                      2        1.38866        0.00000        0.00145        0.00500              1
Psco_440                                      2        0.39110        0.00000        0.00039        0.00500              1
Psco_448                                      2        7.85437        0.00000        0.00222        0.00500              1
Psco_456                                      2       -0.92060        0.00000        0.00057        0.00500              1
Psco_488                                      2        4.72125        0.00000        0.00476        0.00500              1
Psco_104                                      2       -4.60991        0.00000       -0.00050        0.00500              1
Psco_120                                      2       -2.95195        0.00000        0.00079        0.00500              1
Psco_136                                      2       -2.10816        0.00000        0.00172        0.00500              1
Psco_394                                      2       -3.46676        0.00000       -0.00175        0.00500              1
Psco_449                                      2       -3.27202        0.00000        0.00203        0.00500              1
Psco_489                                      2        4.64693        0.00000        0.00484        0.00500              1
Psco_113                                      2       -3.24132        0.00000        0.00113        0.00500              1
Psco_129                                      2       -2.32892        0.00000       -0.00007        0.00500              1
Psco_137                                      2       -6.80704        0.00000       -0.00244        0.00500              1
Psco_145                                      2       -1.30532        0.00000       -0.00094        0.00500              1
Psco_161                                      2       -1.41732        0.00000        0.00099        0.00500              1
Psco_323                                      2        0.81123        0.00000        0.00157        0.00500              1
Psco_466                                      2        6.81102        0.00000        0.00002        0.00500              1
Psco_474                                      2        1.28241       -0.00000        0.00149        0.00500              1
Psco_146                                      2       -1.51885        0.00000        0.00068        0.00500              1
Psco_259                                      2       -9.51267        0.00000       -0.00082        0.00500              1
Psco_380                                      2        2.91435        0.00000        0.00205        0.00500              1
Psco_195                                      2       -2.70834        0.00000        0.00167        0.00500              1
Psco_203                                      2       -4.46870        0.00000       -0.00041        0.00500              1
Psco_227                                      2        2.25908        0.00000        0.00122        0.00500              1
Psco_285                                      2       -1.33634       -0.00000        0.00159        0.00500              1
Psco_420                                      2        0.46369        0.00000        0.00114        0.00500              1
Psco_428                                      2        6.54993        0.00000       -0.00155        0.00500              1
Psco_444                                      2        0.84529        0.00000        0.00124        0.00500              1
Psco_460                                      2        1.51555        0.00000       -0.00054        0.00500              1
Psco_468                                      2        3.59230        0.00000        0.00010        0.00500              1
Psco_476                                      2        3.19004        0.00000        0.00376        0.00500              1
Psco_172                                      2        4.41201        0.00000        0.00082        0.00500              1
Psco_358                                      2      -12.04247        0.00000       -0.00061        0.00500              1
Psco_366                                      2       -2.95145        0.00000       -0.00046        0.00500              1
Psco_246                                      2       -3.70988        0.00000        0.00057        0.00500              1
Psco_254                                      2        4.61829       -0.00000        0.00283        0.00500              1
Psco_391                                      2       -5.49877        0.00000       -0.00003        0.00500              1
Psco_422                                      2        3.41996        0.00000        0.00001        0.00500              1
Psco_470                                      2        1.39937        0.00000       -0.00016        0.00500              1
Psco_296                                      2       -0.21919        0.00000        0.00096        0.00500              1
Psco_304                                      2        0.74246        0.00000        0.00200        0.00500              1
Psco_1038                                     2        3.58096        0.00000        0.00138        0.00500              1
Psco_958                                      2        3.35784        0.00000       -0.00040        0.00500              1
Psco_895                                      2        8.38956        0.00000        0.00225        0.00500              1
Psco_951                                      2        5.84055        0.00000        0.00301        0.00500              1
Psco_967                                      2       -1.52789        0.00000        0.00176        0.00500              1
Psco_992                                      2        3.76441        0.00000        0.00387        0.00500              1
Psco_944                                      2        3.16035        0.00000        0.00018        0.00500              1
Psco_1056                                     2        2.30823        0.00000        0.00145        0.00500              1
Psco_993                                      2       -2.02877        0.00000        0.00273        0.00500              1
Psco_1009                                     2        6.66155        0.00000        0.00495        0.00500              1
Psco_914                                      2        5.83793        0.00000        0.00176        0.00500              1
Psco_938                                      2        3.21784        0.00000        0.00119        0.00500              1
Psco_978                                      2        4.08019        0.00000       -0.00004        0.00500              1
Psco_923                                      2        4.93091        0.00000        0.00373        0.00500              1
Psco_1043                                     2        1.42116        0.00000        0.00132        0.00500              1
Psco_933                                      2        5.09727        0.00000        0.00028        0.00500              1
Psco_989                                      2        4.84260        0.00000        0.00387        0.00500              1
Psco_528                                      2        1.71085        0.00000        0.00200        0.00500              1
Psco_648                                      2        2.96471        0.00000        0.00018        0.00500              1
Psco_568                                      2        2.99870        0.00000        0.00271        0.00500              1
Psco_584                                      2        3.15777        0.00000        0.00121        0.00500              1
Psco_696                                      2        4.26263        0.00000        0.00268        0.00500              1
Psco_704                                      2        1.78883        0.00000       -0.00001        0.00500              1
Psco_877                                      2        4.13268        0.00000        0.00181        0.00500              1
Psco_545                                      2        2.71433        0.00000        0.00333        0.00500              1
Psco_649                                      2        6.95907        0.00000       -0.00143        0.00500              1
Psco_569                                      2        7.08021        0.00000        0.00040        0.00500              1
Psco_577                                      2        7.19774        0.00000        0.00007        0.00500              1
Psco_806                                      2        0.93408        0.00000        0.00174        0.00500              1
Psco_774                                      2        3.88317        0.00000        0.00216        0.00500              1
Psco_570                                      2        1.71318        0.00000        0.00022        0.00500              1
Psco_855                                      2        6.66857       -0.00000        0.00162        0.00500              1
Psco_871                                      2        3.32088        0.00000        0.00188        0.00500              1
Psco_515                                      2        3.15417        0.00000        0.00387        0.00500              1
Psco_523                                      2        7.47891        0.00000        0.00180        0.00500              1
Psco_627                                      2        2.58340        0.00000       -0.00026        0.00500              1
Psco_587                                      2        6.20851        0.00000        0.00159        0.00500              1
Psco_699                                      2        8.90110        0.00000        0.00254        0.00500              1
Psco_816                                      2        3.82881        0.00000        0.00191        0.00500              1
Psco_620                                      2        1.61827        0.00000       -0.00002        0.00500              1
Psco_556                                      2        3.66415        0.00000        0.00303        0.00500              1
Psco_849                                      2       -2.15457        0.00000        0.00254        0.00500              1
Psco_761                                      2        6.84534        0.00000        0.00353        0.00500              1
Psco_605                                      2        9.10975        0.00000        0.00118        0.00500              1
Psco_533                                      2        6.05027        0.00000        0.00145        0.00500              1
Psco_653                                      2        3.54263        0.00000        0.00087        0.00500              1
Psco_786                                      2        2.63877        0.00000       -0.00011        0.00500              1
Psco_598                                      2        5.56123        0.00000        0.00286        0.00500              1
Psco_606                                      2        4.61531        0.00000        0.00200        0.00500              1
Psco_590                                      2        4.76011        0.00000        0.00148        0.00500              1
Psco_811                                      2        1.23556        0.00000        0.00077        0.00500              1
Psco_718                                      2        7.19325       -0.00000        0.00263        0.00500              1
Psco_511                                      2        1.50787        0.00000        0.00125        0.00500              1
Psco_671                                      2        5.79916        0.00000        0.00176        0.00500              1
Psco_812                                      2        2.54959        0.00000        0.00188        0.00500              1
Psco_820                                      2        2.63509        0.00000        0.00240        0.00500              1
Psco_756                                      2        8.50102        0.00000        0.00265        0.00500              1
Psco_780                                      2        4.72130        0.00000        0.00054        0.00500              1
