        Iteration        AcceptPct        Objective        Penalties   FrontierDegree     SelCriterion  SelCriterionStd  MaxSelCriterPct       Coancestry   CoancestryRate MinCoancestryPct       Inbreeding   InbreedingRate MinInbreedingPct
                0              NaN          0.32296          0.00000         44.80462          2.76903          0.25035         24.73986          0.01242          0.01242         24.57170          0.01258          0.04550              NaN
                1         52.41636          0.90089          0.00000         41.02831          5.21470          0.70569         69.01252          0.00688          0.00688         60.05156         -0.00763          0.02596              NaN
              103         14.49814          1.05313          0.00000         40.31622          5.85890          0.82563         80.67412          0.00557          0.00557         68.45591          0.01641          0.04920              NaN
              204          8.17844          1.08842          0.00000         40.00901          6.00826          0.85344         83.37797          0.00533          0.00533         69.98476         -0.00521          0.02831              NaN
              338          8.17844          1.09708          0.00000         40.02011          6.04491          0.86026         84.04132          0.00524          0.00524         70.56933         -0.00963          0.02403              NaN
              438          3.34573          1.09920          0.00000         40.00219          6.05387          0.86193         84.20346          0.00522          0.00522         70.66059         -0.00561          0.02791              NaN
              546          0.74349          1.10337          0.00000         40.00728          6.07154          0.86522         84.52334          0.00518          0.00518         70.94181          0.00180          0.03508              NaN
              646         18.58736          1.10652          0.00000         40.01059          6.08485          0.86769         84.76430          0.00515          0.00515         71.15238          0.01350          0.04639              NaN
              763          2.60223          1.10729          0.00000         40.00307          6.08812          0.86830         84.82352          0.00514          0.00514         71.18313          0.01264          0.04556              NaN
              800         31.22677          1.10729          0.00000         40.00307          6.08812          0.86830         84.82352          0.00514          0.00514         71.18313          0.01264          0.04556              NaN
