        Iteration        AcceptPct        Objective        Penalties   FrontierDegree     SelCriterion  SelCriterionStd  MaxSelCriterPct       Coancestry   CoancestryRate MinCoancestryPct       Inbreeding   InbreedingRate MinInbreedingPct
                0              NaN          0.23772          0.00000         51.61894          2.24649          0.15306         15.28060          0.01324          0.01324         19.29242          0.01163          0.04458              NaN
                1         49.07063          0.89159          0.00000         51.50588          4.56825          0.58533         57.31023          0.00501          0.00501         72.06401          0.00084          0.03415              NaN
              107         10.03718          1.03273          0.00000         50.10746          5.06941          0.67864         66.38241          0.00386          0.00386         79.41348          0.01573          0.04854              NaN
              214          5.57621          1.05596          0.00000         50.12457          5.15191          0.69400         67.87581          0.00357          0.00357         81.24935          0.00386          0.03708              NaN
              320          7.06320          1.07082          0.00000         50.02590          5.20469          0.70382         68.83130          0.00344          0.00344         82.10531          0.00164          0.03492              NaN
              428          4.08922          1.07903          0.00000         50.00917          5.23381          0.70925         69.35841          0.00335          0.00335         82.68500          0.00721          0.04031              NaN
              528         11.15242          1.08420          0.00000         50.01116          5.25218          0.71267         69.69107          0.00328          0.00328         83.08744         -0.00523          0.02829              NaN
              635         10.03718          1.08626          0.00000         50.01065          5.25950          0.71403         69.82348          0.00326          0.00326         83.24379         -0.01033          0.02335              NaN
              736         34.20074          1.08735          0.00000         50.03566          5.26338          0.71475         69.89381          0.00324          0.00324         83.40156         -0.00278          0.03065              NaN
              837         55.76208          1.08839          0.00000         50.00997          5.26705          0.71544         69.96023          0.00323          0.00323         83.40484         -0.00477          0.02873              NaN
              900         56.87732          1.08839          0.00000         50.00997          5.26705          0.71544         69.96023          0.00323          0.00323         83.40484         -0.00477          0.02873              NaN
