        Iteration        AcceptPct        Objective        Penalties   FrontierDegree     SelCriterion  SelCriterionStd  MaxSelCriterPct       Coancestry   CoancestryRate MinCoancestryPct       Inbreeding   InbreedingRate MinInbreedingPct
                0              NaN          0.28266          0.00000         80.52843          2.18308          0.14126         14.13286          0.00303          0.00303         84.71288          0.00157          0.03486              NaN
                1         55.39034          0.44408          0.00000         75.36442          2.62896          0.22427         22.20425          0.00298          0.00298         85.02696          0.00694          0.04005              NaN
              110          8.55019          1.00281          0.00000         60.05127          4.17220          0.51159         50.14074          0.00267          0.00267         87.02606          0.00003          0.03337              NaN
              218          4.08922          1.02055          0.00000         60.04738          4.22118          0.52071         51.02731          0.00243          0.00243         88.55091         -0.00917          0.02448              NaN
              325          2.60223          1.02696          0.00000         60.05270          4.23888          0.52401         51.34776          0.00234          0.00234         89.12614          0.00673          0.03985              NaN
              449          2.97398          1.03538          0.00000         60.01448          4.26215          0.52834         51.76898          0.00225          0.00225         89.71886         -0.00742          0.02617              NaN
              568          3.34573          1.04341          0.00000         60.00980          4.28434          0.53247         52.17074          0.00214          0.00214         90.39806         -0.00225          0.03117              NaN
              729          1.85874          1.04976          0.00000         60.00563          4.30188          0.53574         52.48820          0.00206          0.00206         90.93286         -0.00135          0.03203              NaN
              835          3.71747          1.05070          0.00000         60.03348          4.30445          0.53622         52.53485          0.00203          0.00203         91.11594         -0.00425          0.02924              NaN
              946          2.23048          1.05554          0.00000         60.00279          4.31783          0.53871         52.77704          0.00198          0.00198         91.42278         -0.00769          0.02590              NaN
             1052          5.57621          1.05794          0.00000         60.00917          4.32447          0.53994         52.89725          0.00195          0.00195         91.65460         -0.00413          0.02935              NaN
             1200         64.31227          1.05920          0.00000         60.00768          4.32793          0.54059         52.95987          0.00193          0.00193         91.75758         -0.00007          0.03328              NaN
