            Target        Iteration        AcceptPct        Objective        Penalties   FrontierDegree     SelCriterion  SelCriterionStd  MaxSelCriterPct       Coancestry   CoancestryRate MinCoancestryPct       Inbreeding   InbreedingRate MinInbreedingPct
 ModeMinCoancestry               -1              NaN         -0.00064          0.00000              NaN          1.40237         -0.00410              NaN          0.00064          0.00064              NaN          0.00607          0.03921              NaN
  ModeMaxCriterion               -1              NaN          0.09671          0.00000              NaN          6.92649          1.02439              NaN          0.01626          0.01626              NaN          0.00171          0.03500              NaN
          ModeOpt1               -1              NaN          1.00000          0.00000          0.00000          6.92649          1.02439        100.00000          0.01626          0.01626          0.00000          0.00171          0.03500              NaN
          ModeOpt2               -1              NaN          1.01067          0.00000         10.00020          6.90062          1.01958         99.53172          0.01352          0.01352         17.55049          0.00433          0.03753              NaN
          ModeOpt3               -1              NaN          1.04446          0.00000         20.00907          6.82413          1.00533         98.14710          0.01068          0.01068         35.74023          0.01306          0.04597              NaN
          ModeOpt4               -1              NaN          1.08509          0.00000         30.01426          6.59348          0.96239         93.97182          0.00778          0.00778         54.28584          0.00816          0.04123              NaN
          ModeOpt5               -1              NaN          1.10729          0.00000         40.00307          6.08812          0.86830         84.82352          0.00514          0.00514         71.18313          0.01264          0.04556              NaN
          ModeOpt6               -1              NaN          1.08839          0.00000         50.00997          5.26705          0.71544         69.96023          0.00323          0.00323         83.40484         -0.00477          0.02873              NaN
          ModeOpt7               -1              NaN          1.05920          0.00000         60.00768          4.32793          0.54059         52.95987          0.00193          0.00193         91.75758         -0.00007          0.03328              NaN
          ModeOpt8               -1              NaN          1.01399          0.00000         70.03278          3.31816          0.35259         34.68052          0.00135          0.00135         95.45384          0.00225          0.03552              NaN
          ModeOpt9               -1              NaN          0.99143          0.00000         80.00734          2.35340          0.17297         17.21602          0.00100          0.00100         97.71015         -0.00862          0.02500              NaN
         ModeOpt10               -1              NaN          0.00000          0.00000         90.00000          1.40237         -0.00410          0.00000          0.00064          0.00064        100.00000          0.00607          0.03921              NaN
