                              Id         Gender   SelCriterion AvgCoancestryA AvgCoancestryC   Contribution  nContribution
Psco_434                                      1        7.19200        0.00000        0.02942        0.01500              3
Psco_210                                      1        6.57800        0.00000        0.00018        0.01500              3
Psco_419                                      1        6.54400       -0.00000        0.03997        0.01500              3
Psco_317                                      1        9.81600        0.00000        0.00097        0.01500              3
Psco_141                                      1        6.75200        0.00000       -0.00022        0.01500              3
Psco_446                                      1        7.80300        0.00000        0.02531        0.01500              3
Psco_431                                      1        5.56100        0.00000        0.03940        0.01500              3
Psco_990                                      1        5.92200        0.00000        0.01193        0.01500              3
Psco_1006                                     1        7.04800        0.00000        0.03966        0.01500              3
Psco_1031                                     1        6.24500        0.00000        0.02192        0.01500              3
Psco_928                                      1        6.00100        0.00000        0.00928        0.01500              3
Psco_936                                      1        6.97600        0.00000        0.01977        0.01500              3
Psco_968                                      1        7.56400        0.00000        0.01866        0.01500              3
Psco_962                                      1        5.93800        0.00000       -0.00995        0.01500              3
Psco_900                                      1        6.00600        0.00000        0.02000        0.01500              3
Psco_965                                      1        7.22800        0.00000        0.03172        0.01500              3
Psco_664                                      1        5.54800        0.00000        0.00218        0.01500              3
Psco_814                                      1        8.86000        0.00000        0.02798        0.01500              3
Psco_750                                      1        6.52400        0.00000        0.02767        0.01500              3
Psco_766                                      1        5.74600        0.00000        0.00848        0.01500              3
Psco_791                                      1        6.65500        0.00000        0.01289        0.01500              3
Psco_499                                      1        7.84200        0.00000        0.02936        0.01500              3
Psco_539                                      1        5.56500        0.00000       -0.00485        0.01500              3
Psco_555                                      1        6.15200        0.00000        0.03309        0.01500              3
Psco_579                                      1        6.00300        0.00000        0.02059        0.01500              3
Psco_840                                      1        6.12900        0.00000        0.03040        0.01500              3
Psco_516                                      1        5.66500        0.00000        0.03177        0.01500              3
Psco_580                                      1        5.68800        0.00000        0.02838        0.01500              3
Psco_700                                      1        5.66300        0.00000        0.01869        0.01500              3
Psco_769                                      1        5.47800        0.00000        0.02658        0.01500              3
Psco_746                                      1        5.61700        0.00000        0.00880        0.01500              3
Psco_804                                      1        8.26600        0.00000        0.03458        0.01500              3
Psco_884                                      1        6.05100        0.00000        0.00951        0.01500              3
Psco_906                                      1        5.46000        0.00000        0.03369        0.00500              1
Psco_103                                      2        4.01900        0.00000        0.02614        0.00500              1
Psco_248                                      2        4.45000        0.00000        0.02467        0.00500              1
Psco_465                                      2        3.72300        0.00000        0.02053        0.00500              1
Psco_473                                      2        5.85800        0.00000        0.02193        0.00500              1
Psco_481                                      2        5.25600        0.00000        0.03460        0.00500              1
Psco_121                                      2        7.37100        0.00000        0.00009        0.00500              1
Psco_307                                      2        5.12300       -0.00000        0.02968        0.00500              1
Psco_490                                      2        5.15600        0.00000        0.03633        0.00500              1
Psco_130                                      2        5.26700        0.00000        0.02350        0.00500              1
Psco_348                                      2        5.51400       -0.00000        0.03240        0.00500              1
Psco_243                                      2        5.36500        0.00000        0.03018        0.00500              1
Psco_484                                      2        5.15200        0.00000        0.02235        0.00500              1
Psco_492                                      2        5.37500        0.00000        0.03242        0.00500              1
Psco_164                                      2        3.90000       -0.00000       -0.02288        0.00500              1
Psco_205                                      2        4.22200        0.00000       -0.00136        0.00500              1
Psco_279                                      2        3.30300        0.00000        0.01633        0.00500              1
Psco_343                                      2        3.38200        0.00000        0.02880        0.00500              1
Psco_351                                      2        4.04900        0.00000        0.01585        0.00500              1
Psco_486                                      2        4.93900        0.00000        0.02063        0.00500              1
Psco_118                                      2        5.44500        0.00000        0.02822        0.00500              1
Psco_190                                      2        3.97200        0.00000        0.03337        0.00500              1
Psco_447                                      2        4.51200        0.00000        0.01792        0.00500              1
Psco_463                                      2        5.19400        0.00000       -0.00076        0.00500              1
Psco_495                                      2        4.65700        0.00000        0.03420        0.00500              1
Psco_902                                      2        4.95300        0.00000        0.02609        0.00500              1
Psco_918                                      2        3.21500        0.00000        0.02022        0.00500              1
Psco_974                                      2        3.58100        0.00000        0.00132        0.00500              1
Psco_895                                      2        4.63600        0.00000       -0.00226        0.00500              1
Psco_903                                      2        4.96300        0.00000        0.03993        0.00500              1
Psco_919                                      2        3.72800        0.00000        0.02870        0.00500              1
Psco_927                                      2        5.03400        0.00000        0.02390        0.00500              1
Psco_935                                      2        4.33600        0.00000       -0.00286        0.00500              1
Psco_943                                      2        6.96500        0.00000        0.01950        0.00500              1
Psco_1032                                     2        5.90000        0.00000        0.02341        0.00500              1
Psco_1040                                     2        5.80100        0.00000        0.01363        0.00500              1
Psco_913                                      2        4.47700        0.00000        0.01356        0.00500              1
Psco_937                                      2        3.97500       -0.00000        0.00480        0.00500              1
Psco_945                                      2        3.06300        0.00000       -0.01181        0.00500              1
Psco_1002                                     2        3.19600        0.00000        0.02841        0.00500              1
Psco_899                                      2        3.78500        0.00000        0.00106        0.00500              1
Psco_907                                      2        7.93000        0.00000        0.02680        0.00500              1
Psco_915                                      2        5.66200        0.00000        0.03651        0.00500              1
Psco_931                                      2        5.69200        0.00000        0.04031        0.00500              1
Psco_987                                      2        5.86800        0.00000        0.02168        0.00500              1
Psco_1028                                     2        6.42500        0.00000        0.02584        0.00500              1
Psco_1044                                     2        3.45200       -0.00000        0.01036        0.00500              1
Psco_1013                                     2        4.63500        0.00000        0.02070        0.00500              1
Psco_1021                                     2        5.56700        0.00000        0.01007        0.00500              1
Psco_1037                                     2        4.55300        0.00000        0.01306        0.00500              1
Psco_1053                                     2        5.95500       -0.00000        0.03612        0.00500              1
Psco_973                                      2        3.47900        0.00000       -0.01178        0.00500              1
Psco_552                                      2        7.16400        0.00000        0.02780        0.00500              1
Psco_560                                      2        5.20700        0.00000        0.03754        0.00500              1
Psco_576                                      2        7.29300        0.00000        0.02004        0.00500              1
Psco_837                                      2        3.98800        0.00000        0.01989        0.00500              1
Psco_845                                      2        5.87800        0.00000        0.02915        0.00500              1
Psco_861                                      2        5.54300        0.00000        0.02266        0.00500              1
Psco_885                                      2        5.78300       -0.00000        0.02294        0.00500              1
Psco_657                                      2        4.62100        0.00000        0.02919        0.00500              1
Psco_585                                      2        8.70600        0.00000        0.02900        0.00500              1
Psco_697                                      2        3.74800        0.00000        0.01595        0.00500              1
Psco_713                                      2        5.11400        0.00000        0.02133        0.00500              1
Psco_846                                      2        4.56100        0.00000        0.03555        0.00500              1
Psco_878                                      2        5.18600        0.00000        0.02318        0.00500              1
Psco_618                                      2        3.37700        0.00000        0.03042        0.00500              1
Psco_626                                      2        4.56100        0.00000        0.02676        0.00500              1
Psco_658                                      2        5.04200       -0.00000        0.03341        0.00500              1
Psco_815                                      2        7.33700        0.00000        0.03145        0.00500              1
Psco_751                                      2        3.93700        0.00000       -0.01205        0.00500              1
Psco_767                                      2        5.94000        0.00000        0.00781        0.00500              1
Psco_887                                      2        3.49200        0.00000        0.00476        0.00500              1
Psco_595                                      2        5.60900        0.00000        0.01899        0.00500              1
Psco_667                                      2        3.60700        0.00000        0.01764        0.00500              1
Psco_824                                      2        4.60600        0.00000        0.01000        0.00500              1
Psco_864                                      2        5.89500        0.00000        0.02508        0.00500              1
Psco_628                                      2        3.88300        0.00000        0.00673        0.00500              1
Psco_668                                      2        6.83100        0.00000        0.03214        0.00500              1
Psco_684                                      2        4.23200        0.00000        0.03495        0.00500              1
Psco_809                                      2        3.15700        0.00000        0.01971        0.00500              1
Psco_817                                      2        3.83500        0.00000        0.00991        0.00500              1
Psco_841                                      2        3.09400        0.00000        0.01772        0.00500              1
Psco_865                                      2        7.38100        0.00000        0.00906        0.00500              1
Psco_873                                      2        5.74300        0.00000        0.01939        0.00500              1
Psco_889                                      2        8.36200        0.00000        0.03047        0.00500              1
Psco_597                                      2        4.32000        0.00000        0.01783        0.00500              1
Psco_605                                      2        4.29100        0.00000       -0.00363        0.00500              1
Psco_669                                      2        6.56400        0.00000        0.03507        0.00500              1
Psco_685                                      2        4.84400        0.00000        0.02056        0.00500              1
Psco_842                                      2        6.73400        0.00000        0.03732        0.00500              1
Psco_770                                      2        3.14800       -0.00000       -0.00976        0.00500              1
Psco_794                                      2        3.52600        0.00000       -0.00869        0.00500              1
Psco_510                                      2        5.29700       -0.00000        0.00212        0.00500              1
Psco_518                                      2        4.85700        0.00000        0.03092        0.00500              1
Psco_694                                      2        4.09100        0.00000        0.00243        0.00500              1
Psco_771                                      2        6.39200        0.00000        0.02082        0.00500              1
Psco_787                                      2        5.21700        0.00000        0.00057        0.00500              1
Psco_527                                      2        8.94900        0.00000        0.03326        0.00500              1
Psco_575                                      2        4.88000        0.00000        0.02915        0.00500              1
Psco_583                                      2        3.42800       -0.00000        0.01035        0.00500              1
Psco_852                                      2        4.62300        0.00000        0.03402        0.00500              1
