ID	experiment	zoo	clutch	euthanised	days_survived	infection_status	slope_bd	bd_std.error	age_start	age_death	wt_start	wt_death	svl_start	svl_death	bc_start	bc_death	bc_change
Psco_191	1	TZ	13	1	56	1	0.774397263	0.521433559	289	345	0.971	0.728	22.43	21.15	-0.01	-0.1	-0.09
Psco_103	1	MZ	8	0	98	1	0.662025026	0.050875127	271	369	0.896	0.618	23	21.92	-0.04	-0.16	-0.12
Psco_199	1	MZ	8	1	76	1	0.478610216	0.072069484	271	347	0.899	0.745	22.53	21.77	-0.03	-0.1	-0.06
Psco_111	1	TZ	15	1	63	1	0.522855755	0.105210575	299	362	1.105	0.823	24.13	21.84	0.03	-0.06	-0.09
Psco_207	1	TZ	13	1	62	1	0.812382122	0.188379707	289	351	1	0.759	22.77	21.95	0	-0.09	-0.09
Psco_119	1	MZ	3	1	64	1	0.620490043	0.196960052	284	348	0.796	0.597	22.52	21.08	-0.07	-0.17	-0.1
Psco_215	1	TZ	16	1	53	1	0.648362468	0.085468086	291	344	1.023	0.741	23.66	20.91	0.01	-0.1	-0.11
Psco_127	1	MZ	6	0	98	1	0.308433749	0.08353097	278	376	0.66	0.512	19.95	19.71	-0.14	-0.22	-0.09
Psco_223	1	TZ	12	0	98	0	0	0	296	394	0.91	0.853	22.92	23.61	-0.03	-0.05	-0.02
Psco_135	1	TZ	12	1	62	1	0.45469206	0.100987286	296	358	0.974	0.71	22.93	21.64	-0.01	-0.11	-0.1
Psco_231	1	MZ	1	1	50	1	0.671075921	0.113364372	269	319	1.149	0.844	24.78	21.75	0.04	-0.06	-0.1
Psco_143	1	MZ	5	1	60	1	0.742777382	0.1453687	275	335	1.031	0.715	22.59	21.32	0.01	-0.11	-0.12
Psco_239	1	MZ	5	0	98	0	0	0	275	373	1.082	0.941	23.64	23.51	0.02	-0.02	-0.04
Psco_248	1	MZ	8	1	72	1	0.605758339	0.197288382	271	343	1.068	0.597	24.6	21.97	0.02	-0.17	-0.19
Psco_159	1	TZ	9	1	53	1	0.717214344	0.060591116	296	349	1.106	0.758	23.57	21.57	0.03	-0.09	-0.12
Psco_256	1	MZ	3	0	98	0	0	0	284	382	0.995	0.798	22.59	22.11	0	-0.07	-0.07
Psco_167	1	MZ	6	1	91	1	0.314950936	0.092422904	278	369	1.086	0.669	23.59	22.41	0.03	-0.13	-0.16
Psco_265	1	TZ	9	1	46	1	0.536877733	0.114447544	296	342	0.879	0.642	23.65	20.9	-0.04	-0.15	-0.11
Psco_175	1	TZ	19	1	61	1	0.699431348	0.173856445	276	337	1.097	0.779	23.79	21.84	0.03	-0.08	-0.11
Psco_273	1	TZ	15	1	61	1	0.628034265	0.109092113	299	360	1.072	0.778	24.41	22.44	0.02	-0.08	-0.1
Psco_183	1	TZ	9	0	98	0	0	0	296	394	0.808	0.723	22.39	21.55	-0.07	-0.11	-0.04
Psco_281	1	MZ	4	1	74	1	0.499170004	0.13129266	271	345	1.176	0.718	23.94	20.99	0.05	-0.11	-0.16
Psco_289	1	TZ	19	1	51	1	1.34987152	0.156109955	276	327	1.048	0.74	23.99	21.92	0.01	-0.1	-0.11
Psco_385	1	MZ	1	1	50	1	1.118110159	0.184280369	269	319	1.16	0.777	23.35	21.95	0.05	-0.08	-0.13
Psco_297	1	TZ	10	1	81	1	0.264755795	0.1182146	292	373	1.198	0.782	23.53	21.35	0.06	-0.08	-0.14
Psco_393	1	MZ	6	1	58	1	0.373724725	0.164144559	278	336	0.942	0.83	22.46	20.17	-0.02	-0.06	-0.04
Psco_305	1	TZ	12	0	98	0	0	0	296	394	0.914	0.674	22.49	22.6	-0.03	-0.13	-0.1
Psco_416	2	MZ	30	0	98	0	0	0	202	300	1.259	0.863	25.89	24.68	0.07	-0.05	-0.12
Psco_313	1	MZ	4	1	49	1	0.552894863	0.260551873	271	320	1.177	0.769	22.85	21.5	0.05	-0.09	-0.14
Psco_424	2	MZ	24	1	76	1	0.482781216	0.113765505	239	315	1.092	0.806	23.88	22.66	0.03	-0.07	-0.1
Psco_321	1	TZ	17	1	52	1	0.660953547	0.144160087	276	328	0.941	0.659	23.89	22.24	-0.02	-0.13	-0.12
Psco_432	2	MZ	21	1	70	1	0.540742707	0.054785233	218	288	0.878	0.644	22.82	20.89	-0.04	-0.14	-0.1
Psco_329	1	TZ	15	1	46	1	0.585473407	0.122638722	299	345	1.081	0.829	24.87	23.42	0.02	-0.06	-0.08
Psco_440	2	TZ	50	1	62	1	0.549576241	0.072433636	172	234	0.65	0.557	21.33	18.85	-0.14	-0.2	-0.06
Psco_337	1	TZ	14	1	65	1	0.591306342	0.086119338	292	357	0.966	0.665	23.72	21.28	-0.01	-0.13	-0.12
Psco_448	2	TZ	44	0	98	0	0	0	173	271	0.602	0.669	20.64	20.74	-0.17	-0.13	0.04
Psco_345	1	TZ	11	1	63	1	0.53490725	0.160912019	303	366	1.028	0.677	23.31	21.06	0.01	-0.13	-0.14
Psco_456	2	TZ	43	1	70	1	0.397419467	0.083365727	175	245	0.63	0.457	19.62	18.2	-0.16	-0.27	-0.11
Psco_353	1	TZ	17	1	76	1	0.327501858	0.098459728	276	352	1.043	0.682	24.04	21.17	0.01	-0.13	-0.14
Psco_464	2	MZ	37	1	49	1	0.780396722	0.032746297	200	249	1.357	1.064	24.84	22.68	0.1	0.02	-0.08
Psco_361	1	MZ	6	1	60	1	0.588143795	0.289527212	278	338	1.098	0.738	22.79	21.98	0.03	-0.1	-0.13
Psco_472	2	MZ	23	1	56	1	0.476068819	0.050723423	189	245	1.258	0.927	25.12	23.17	0.07	-0.02	-0.1
Psco_369	1	TZ	15	1	78	1	0.376204254	0.20433728	299	377	1.105	0.763	23.94	21.7	0.03	-0.09	-0.12
Psco_480	2	MZ	32	1	67	1	0.468924858	0.088031575	199	266	1.086	0.917	24.4	21.53	0.03	-0.03	-0.05
Psco_377	1	TZ	20	0	98	0	0	0	289	387	0.984	0.821	22.86	23.03	-0.01	-0.06	-0.06
Psco_488	2	TZ	48	1	67	1	0.434143097	0.071888626	173	240	0.667	0.782	20.02	18.49	-0.14	-0.08	0.05
Psco_192	1	MZ	6	1	56	1	0.522389522	0.079721928	278	334	0.919	0.537	22.34	20.78	-0.03	-0.2	-0.18
Psco_104	1	TZ	16	1	61	1	0.637834371	0.210102756	291	352	1.156	0.819	24.14	22.19	0.05	-0.06	-0.11
Psco_200	1	TZ	17	1	64	1	0.418516285	0.091108019	276	340	1.001	0.701	24.51	21.95	0	-0.12	-0.12
Psco_112	1	MZ	6	0	98	0	0	0	278	376	1.119	0.923	25.06	24.23	0.03	-0.03	-0.06
Psco_208	1	TZ	11	0	98	1	0.287303677	0.054452729	303	401	0.969	0.674	22.63	20.83	-0.01	-0.13	-0.12
Psco_120	1	TZ	14	1	53	1	0.617581364	0.128269874	292	345	1.059	0.888	24.45	23.2	0.02	-0.04	-0.06
Psco_216	1	TZ	10	0	98	0	0	0	292	390	0.883	0.665	22.29	22.31	-0.04	-0.13	-0.09
Psco_128	1	MZ	7	1	61	1	0.622775436	0.092797329	278	339	0.988	0.72	23.31	22	0	-0.11	-0.1
Psco_224	1	MZ	3	1	55	1	0.778515699	0.244301439	284	339	0.978	0.531	22.93	21.73	-0.01	-0.21	-0.2
Psco_136	1	TZ	12	1	48	1	0.158587337	0.072475926	296	344	0.871	0.615	21.73	20.31	-0.04	-0.16	-0.12
Psco_232	1	TZ	15	1	45	1	0.956048673	0.122020982	299	344	1.006	0.833	22.68	22.45	0	-0.06	-0.06
Psco_144	1	MZ	4	1	56	1	0.469508945	0.150376384	271	327	0.91	0.699	22.72	21.11	-0.03	-0.12	-0.09
Psco_240	1	TZ	17	1	51	1	0.554727646	0.048067424	276	327	0.894	0.631	23.1	20.19	-0.04	-0.15	-0.12
Psco_249	1	TZ	18	1	88	1	0.218389625	0.177311105	297	385	1.238	0.793	23.93	24.05	0.07	-0.07	-0.14
Psco_257	1	TZ	19	1	74	1	0.482105672	0.056411777	276	350	0.964	0.601	23.45	20.66	-0.01	-0.17	-0.16
Psco_168	1	TZ	14	1	68	1	0.736192699	0.135417361	292	360	1.286	0.842	24.92	23.88	0.08	-0.05	-0.13
Psco_266	1	TZ	11	1	53	1	0.661094925	0.237722301	303	356	0.951	0.729	22.28	21.63	-0.02	-0.1	-0.09
Psco_176	1	MZ	5	0	98	1	0.413218249	0.051724778	275	373	0.95	0.693	21.65	20.47	-0.02	-0.12	-0.1
Psco_184	1	TZ	12	0	98	0	0	0	296	394	1.112	0.719	23.8	23.29	0.03	-0.1	-0.14
Psco_282	1	TZ	19	1	72	1	0.560236021	0.047988576	276	348	0.868	0.643	23.36	20.61	-0.04	-0.15	-0.1
Psco_290	1	TZ	13	1	46	1	0.661375596	0.102044324	289	335	0.976	0.776	23.82	22.3	-0.01	-0.08	-0.07
Psco_386	1	MZ	2	1	74	1	0.670871471	0.099770993	271	345	1.14	0.708	24.41	22.34	0.04	-0.11	-0.15
Psco_298	1	TZ	19	1	48	1	0.830594927	0.411068315	276	324	1.019	0.747	25.1	21.88	0.01	-0.09	-0.1
Psco_394	1	TZ	13	1	54	1	0.701390435	0.177505208	289	343	0.878	0.652	22.4	20.59	-0.04	-0.14	-0.1
Psco_306	1	TZ	16	0	98	0	0	0	291	389	0.856	0.687	21.55	21.46	-0.05	-0.12	-0.07
Psco_417	2	MZ	33	1	86	1	0.325207721	0.047933326	189	275	0.938	0.645	23.63	22.34	-0.02	-0.14	-0.12
Psco_314	1	TZ	19	1	48	1	1.109851525	0.315766934	276	324	1.092	0.841	24.29	22.14	0.03	-0.06	-0.08
Psco_425	2	MZ	21	1	59	1	0.535079243	0.076988759	218	277	1.085	0.768	23.59	21.98	0.03	-0.09	-0.11
Psco_322	1	MZ	3	1	63	1	0.653202635	0.193164407	284	347	0.934	0.701	22.2	20.33	-0.02	-0.12	-0.1
Psco_433	2	MZ	25	1	80	1	0.37192802	0.044552955	208	288	1.16	0.869	24.69	24.03	0.05	-0.04	-0.09
Psco_330	1	TZ	9	0	98	0	0	0	296	394	0.804	0.666	21.11	21.38	-0.07	-0.13	-0.06
Psco_441	2	MZ	28	1	67	1	0.360512338	0.125195797	242	309	1.194	0.641	26.12	22.31	0.05	-0.14	-0.2
Psco_338	1	TZ	18	1	81	1	0.448190268	0.082843436	297	378	1.078	0.72	24.61	22.57	0.02	-0.11	-0.13
Psco_449	2	TZ	44	1	58	1	0.665003744	0.110650686	173	231	0.815	0.745	23.05	19.08	-0.07	-0.1	-0.03
Psco_346	1	TZ	12	1	72	1	0.745938223	0.291888667	296	368	0.857	0.645	21.95	19.45	-0.05	-0.15	-0.1
Psco_457	2	MZ	33	1	76	1	0.503907077	0.158029176	189	265	1.014	0.692	23.51	22.71	0	-0.12	-0.12
Psco_354	1	TZ	10	1	54	1	0.698535939	0.106704782	292	346	1.112	0.907	24.29	21.26	0.03	-0.03	-0.07
Psco_465	2	MZ	39	1	63	1	0.376599505	0.071535664	206	269	0.875	0.905	23.63	21.9	-0.04	-0.03	0.01
Psco_362	1	MZ	8	0	98	0	0	0	271	369	0.933	0.86	21.82	23.4	-0.02	-0.05	-0.03
Psco_473	2	MZ	36	1	73	1	0.25062427	0.082592095	192	265	1.443	0.981	24.89	24.71	0.11	-0.01	-0.12
Psco_370	1	MZ	7	1	53	1	0.702874149	0.206367918	278	331	1.029	0.791	24.17	21.36	0.01	-0.08	-0.09
Psco_481	2	MZ	27	1	89	1	0.483015757	0.05810671	208	297	1.146	0.876	23.37	22.52	0.04	-0.04	-0.09
Psco_378	1	TZ	9	0	98	0	0	0	296	394	0.792	0.73	21.32	23.23	-0.08	-0.1	-0.02
Psco_489	2	TZ	48	0	98	0	0	0	173	271	0.543	0.591	20.15	20.6	-0.2	-0.17	0.03
Psco_193	1	MZ	2	0	98	0	0	0	271	369	0.944	0.806	22.5	22.94	-0.02	-0.07	-0.05
Psco_105	1	MZ	6	1	81	1	0.251957659	0.103683126	278	359	1.103	0.74	23.2	21.56	0.03	-0.1	-0.13
Psco_201	1	MZ	6	1	82	1	0.550217752	0.231556367	278	360	1.157	0.669	23.26	21.34	0.05	-0.13	-0.18
Psco_113	1	TZ	9	1	56	1	0.925294561	0.232029539	296	352	0.781	0.612	21.64	19.63	-0.08	-0.16	-0.08
Psco_209	1	MZ	4	1	71	1	0.464800759	0.04780181	271	342	0.82	0.613	22.39	21.95	-0.06	-0.16	-0.09
Psco_121	1	MZ	2	0	98	1	0.287939928	0.033915109	271	369	1.001	0.717	23.45	21.38	0	-0.11	-0.11
Psco_217	1	TZ	14	1	56	1	0.786971333	0.15106342	292	348	0.99	0.755	23.53	22.58	0	-0.09	-0.09
Psco_129	1	TZ	9	1	84	1	0.384388959	0.07553008	296	380	0.854	0.606	22.43	20.28	-0.05	-0.17	-0.12
Psco_225	1	TZ	9	1	72	1	0.643808042	0.106933124	296	368	1.039	0.745	25.04	21.3	0.01	-0.1	-0.11
Psco_137	1	TZ	13	1	46	1	0.790543485	0.203194078	289	335	0.981	0.72	23.01	21.56	-0.01	-0.11	-0.1
Psco_233	1	TZ	12	0	98	0	0	0	296	394	0.723	0.609	21.94	21.74	-0.11	-0.16	-0.06
Psco_145	1	TZ	14	1	53	1	0.589338983	0.215348521	292	345	1.253	0.998	25.58	23.93	0.07	0	-0.07
Psco_241	1	TZ	11	1	58	1	0.379001889	0.189982076	303	361	1.174	0.635	24.69	21.29	0.05	-0.15	-0.2
Psco_153	1	MZ	7	1	56	1	0.425538685	0.241149648	278	334	0.823	0.649	21.96	21.66	-0.06	-0.14	-0.08
Psco_250	1	TZ	19	1	56	1	0.601032542	0.182202792	276	332	0.751	0.527	21.28	18.5	-0.09	-0.22	-0.13
Psco_161	1	TZ	9	1	79	1	0.449310495	0.066918014	296	375	0.978	0.659	23.73	20.68	-0.01	-0.14	-0.13
Psco_258	1	TZ	17	1	44	1	0.679796022	0.217530311	276	320	1.264	0.925	24.86	22.5	0.07	-0.03	-0.1
Psco_169	1	MZ	1	0	98	0	0	0	269	367	1.03	0.737	22.73	22	0.01	-0.1	-0.11
Psco_267	1	TZ	16	1	73	1	0.537928364	0.141742829	291	364	1.336	0.946	25.85	23.6	0.09	-0.02	-0.11
Psco_177	1	MZ	1	1	76	1	0.336183879	0.088279034	269	345	1.1	0.76	24.23	22.52	0.03	-0.1	-0.03
Psco_275	1	MZ	1	0	98	0	0	0	269	367	1.068	0.706	25.13	24.07	0.02	-0.11	-0.13
Psco_185	1	TZ	19	1	61	1	0.511297214	0.138536631	276	337	1.107	0.748	24.5	22.58	0.03	-0.09	-0.12
Psco_283	1	MZ	4	0	98	0	0	0	271	369	1.326	1.017	24.95	24.58	0.09	0.01	-0.08
Psco_387	1	MZ	5	1	56	1	0.461242361	0.061656356	275	331	0.925	0.707	23.65	21.99	-0.02	-0.11	-0.09
Psco_299	1	MZ	1	0	98	0	0	0	269	367	1.177	1.044	23.63	24.18	0.05	0.01	-0.04
Psco_307	1	MZ	8	0	98	1	0.115235793	0.072885834	271	369	0.933	0.577	24.04	21.36	-0.02	-0.18	-0.16
Psco_418	2	MZ	36	1	70	1	0.299929316	0.05344179	192	262	1.177	0.855	25.29	22.35	0.05	-0.05	-0.1
Psco_315	1	TZ	12	0	98	0	0	0	296	394	0.954	0.787	23.08	23.49	-0.02	-0.08	-0.06
Psco_426	2	TZ	52	0	98	0	0	0	164	262	0.66	0.664	20.01	21.04	-0.14	-0.13	0
Psco_323	1	TZ	12	1	78	1	0.463113423	0.094354301	296	374	0.978	0.808	22.22	21.63	-0.01	-0.07	-0.06
Psco_434	2	MZ	37	0	98	0	0	0	200	298	0.96	1.01	24.17	25.66	-0.01	0	0.02
Psco_331	1	TZ	12	1	58	1	0.75562402	0.055029345	296	354	1.174	1.008	23.91	22.3	0.05	0	-0.05
Psco_442	2	MZ	32	1	56	1	0.484093071	0.109721253	199	255	1.015	0.971	24.63	22.13	0	-0.01	-0.01
Psco_339	1	TZ	16	1	53	1	0.590793467	0.104700913	291	344	1.07	0.747	23.43	21.71	0.02	-0.09	-0.12
Psco_450	2	MZ	29	1	66	1	0.627252447	0.124346662	202	268	1.14	0.756	25.02	23.39	0.04	-0.09	-0.13
Psco_347	1	TZ	13	1	51	1	1.025740934	0.213441952	289	340	0.936	0.725	22.76	21.45	-0.02	-0.1	-0.08
Psco_458	2	TZ	49	1	59	1	0.556810093	0.105470216	175	234	0.586	0.477	19.8	19.28	-0.18	-0.25	-0.07
Psco_466	2	TZ	50	0	98	1	0.085934784	0.069032627	172	270	0.463	0.526	18.5	19.55	-0.26	-0.22	0.05
Psco_363	1	TZ	16	0	98	0	0	0	291	389	1.193	1.124	23.7	24.68	0.06	0.04	-0.02
Psco_474	2	TZ	43	1	62	1	0.437291628	0.068459605	175	237	0.813	0.554	22.67	20.07	-0.07	-0.2	-0.13
Psco_371	1	TZ	11	1	64	1	0.539888843	0.06142172	303	367	1.149	0.863	23.86	22.37	0.04	-0.05	-0.09
Psco_482	2	MZ	34	1	70	1	0.435771243	0.077105653	189	259	0.906	0.628	23.81	21.34	-0.03	-0.15	-0.12
Psco_379	1	TZ	10	1	71	1	0.857752217	0.241778367	292	363	1.048	1.051	22.84	20.58	0.01	0.02	0
Psco_490	2	MZ	28	0	98	0	0	0	242	340	1.219	1.146	25.39	24.28	0.06	0.04	-0.02
Psco_194	1	TZ	16	1	46	1	0.657612191	0.073273201	291	337	1.156	0.812	23.27	23.85	0.05	-0.07	-0.11
Psco_106	1	MZ	3	0	98	0	0	0	284	382	0.963	0.918	21.86	21.71	-0.01	-0.03	-0.02
Psco_202	1	TZ	13	1	60	1	0.669130822	0.088235406	289	349	0.838	0.638	22.32	20.81	-0.06	-0.15	-0.09
Psco_114	1	MZ	4	1	56	1	0.759301493	0.298660036	271	327	0.884	0.657	22.81	20.67	-0.04	-0.14	-0.1
Psco_210	1	MZ	2	0	98	1	0.249513218	0.151584263	271	369	0.741	0.611	21.54	20.62	-0.1	-0.16	-0.07
Psco_122	1	TZ	16	1	49	1	0.227448851	0.251873106	291	340	0.832	0.642	23.29	21.66	-0.06	-0.14	-0.09
Psco_218	1	MZ	5	1	51	1	0.712144965	0.243127626	275	326	0.877	0.714	22.81	20.56	-0.04	-0.11	-0.07
Psco_130	1	MZ	8	0	98	0	0	0	271	369	1.078	0.882	23.94	24.2	0.02	-0.04	-0.06
Psco_226	1	TZ	14	1	56	1	0.661941707	0.325091892	292	348	1.03	0.795	23.71	23.12	0.01	-0.07	-0.08
Psco_138	1	TZ	9	1	49	1	0.598484586	0.022171256	296	345	0.935	0.845	23.02	22.74	-0.02	-0.05	-0.03
Psco_234	1	TZ	15	1	61	1	0.73445195	0.160406105	299	360	0.955	0.752	23.49	22.11	-0.01	-0.09	-0.08
Psco_146	1	TZ	9	1	54	1	0.716789474	0.245368404	296	350	1.004	0.781	21.8	20.7	0	-0.08	-0.08
Psco_154	1	TZ	10	1	61	1	0.557121364	0.072321443	292	353	1.183	0.776	23.92	22.64	0.05	-0.08	-0.13
Psco_251	1	MZ	4	0	98	0	0	0	271	369	0.99	0.832	22.86	23.58	0	-0.06	-0.05
Psco_162	1	TZ	9	1	62	1	0.358520839	0.091269834	296	358	0.948	0.552	23.33	21.64	-0.02	-0.19	-0.18
Psco_259	1	TZ	15	1	56	1	0.091427885	0.101781619	299	355	0.902	0.654	22.47	20.11	-0.03	-0.14	-0.11
Psco_170	1	TZ	12	0	98	1	0.262503057	0.055524162	296	394	0.781	0.735	22.63	21.95	-0.08	-0.1	-0.02
Psco_268	1	MZ	5	1	72	1	0.548472983	0.127091464	275	347	1.003	0.663	21.98	21.09	0	-0.13	-0.14
Psco_178	1	TZ	15	0	98	0	0	0	299	397	0.931	0.918	23.17	23.83	-0.02	-0.03	0
Psco_276	1	MZ	1	1	57	1	0.503573151	0.14284058	269	326	1.284	0.829	23.72	21.62	0.08	-0.06	-0.14
Psco_186	1	MZ	5	1	56	1	0.572017377	0.116968232	275	331	0.926	0.616	22.68	20.65	-0.02	-0.16	-0.14
Psco_284	1	MZ	6	1	75	1	0.454461364	0.031986585	278	353	1.066	0.659	22.8	21.41	0.02	-0.04	-0.06
Psco_292	1	TZ	10	0	98	0	0	0	292	390	1.064	0.887	24.38	23.11	0.02	-0.04	-0.01
Psco_388	1	MZ	6	1	53	1	0.854124959	0.266283578	278	331	0.975	0.66	22.45	20.15	-0.01	-0.14	-0.13
Psco_300	1	TZ	12	1	62	1	0.463510288	0.098862274	296	358	0.834	0.646	21.78	20.83	-0.06	-0.14	-0.08
Psco_308	1	MZ	1	0	98	0	0	0	269	367	1.02	0.968	23.37	22.89	0.01	-0.01	-0.02
Psco_419	2	MZ	27	1	70	1	0.336473971	0.174443468	208	278	1.182	0.924	23.99	21.51	0.05	-0.03	-0.08
Psco_316	1	MZ	3	1	76	1	0.525691445	0.089423103	284	360	0.955	0.784	22.6	21.69	-0.01	-0.08	-0.06
Psco_427	2	TZ	50	1	60	1	0.503982566	0.053889549	172	232	0.533	0.473	19.89	17.38	-0.21	-0.26	-0.05
Psco_324	1	MZ	6	1	58	1	0.632395173	0.065346235	278	336	0.784	0.678	21.51	20.12	-0.08	-0.13	-0.05
Psco_435	2	TZ	50	0	98	0	0	0	172	270	0.475	0.584	18.88	20.13	-0.25	-0.18	0.07
Psco_332	1	MZ	6	1	57	1	0.439454337	0.144521494	278	335	0.98	0.648	22.43	20.44	-0.01	-0.14	-0.14
Psco_443	2	MZ	38	1	86	1	0.415429622	0.031605881	200	286	1.212	0.808	25.02	23.19	0.06	-0.07	-0.13
Psco_340	1	TZ	12	1	51	1	0.836787405	0.345406012	296	347	0.893	0.589	22.06	20.8	-0.04	-0.17	-0.14
Psco_451	2	MZ	24	1	63	1	0.42024864	0.095915347	239	302	1.098	0.848	23.61	21.13	0.03	-0.05	-0.08
Psco_348	1	MZ	8	0	98	0	0	0	271	369	0.896	0.714	21.45	22.08	-0.04	-0.11	-0.07
Psco_459	2	TZ	53	1	84	1	0.371756843	0.062391982	161	245	0.5	0.419	19.7	17.98	-0.23	-0.3	-0.07
Psco_356	1	TZ	11	0	98	0	0	0	303	401	0.751	0.645	21.49	21.45	-0.09	-0.14	-0.05
Psco_467	2	MZ	29	0	98	0	0	0	202	300	0.882	1.062	22.71	24.09	-0.04	0.02	0.06
Psco_364	1	TZ	9	1	72	1	0.771863033	0.462388665	296	368	0.932	0.724	23.15	21.31	-0.02	-0.11	-0.08
Psco_475	2	MZ	30	1	75	1	0.476890849	0.088421521	202	277	1.293	0.782	24.75	22.6	0.08	-0.08	-0.16
Psco_372	1	MZ	4	0	98	1	0.15415137	0.05022417	271	369	0.945	0.855	22.43	21.92	-0.02	-0.05	-0.03
Psco_483	2	TZ	49	0	98	0	0	0	175	273	0.602	0.728	20.66	20.6	-0.17	-0.1	0.06
Psco_380	1	TZ	18	1	63	1	0.822426299	0.160588083	297	360	1.137	0.868	25.12	23.29	0.04	-0.04	-0.08
Psco_491	2	MZ	28	0	98	0	0	0	242	340	1.149	1.151	24.65	25.8	0.04	0.04	0
Psco_195	1	TZ	11	1	66	1	0.695339631	0.070066841	303	369	1.06	0.713	23.75	21.43	0.02	-0.11	-0.13
Psco_107	1	MZ	3	1	66	1	0.643601135	0.064920062	284	350	1.077	0.726	22.7	21.53	0.02	-0.1	-0.13
Psco_203	1	TZ	10	1	54	1	0.712131418	0.152077306	292	346	1.05	0.784	23.33	22.26	0.02	-0.08	-0.09
Psco_115	1	MZ	3	1	53	1	0.469772586	0.046293894	284	337	1.004	0.786	23.33	22.01	0	-0.08	-0.08
Psco_211	1	MZ	6	1	62	1	0.830684848	0.112963391	278	340	1.154	0.681	23.41	22.24	0.05	-0.12	-0.17
Psco_123	1	TZ	11	1	66	1	0.355300558	0.299035534	303	369	1	0.777	24.02	23.65	0	-0.08	-0.08
Psco_219	1	MZ	5	1	55	1	0.397967187	0.080497647	275	330	1.123	0.895	23.87	22.26	0.04	-0.1	-0.07
Psco_131	1	TZ	13	1	64	1	0.672755858	0.040277077	289	353	1.011	0.706	23.32	22.01	0	-0.11	-0.12
Psco_227	1	TZ	14	1	69	1	0.73395805	0.150296534	292	361	1.118	0.854	24.35	23.41	0.03	-0.05	-0.08
Psco_139	1	TZ	16	1	49	1	0.414390983	0.160082609	291	340	1.04	0.742	23.86	22.29	0.01	-0.1	-0.11
Psco_235	1	MZ	3	1	62	1	0.808250102	0.19150374	284	346	0.949	0.694	22.28	21.52	-0.02	-0.12	-0.1
Psco_147	1	MZ	6	1	56	1	0.400893302	0.383246947	278	334	0.88	0.603	21.89	21.41	-0.04	-0.17	-0.12
Psco_243	1	MZ	8	0	98	0	0	0	273	369	1.025	0.669	23.77	21.05	0.01	-0.13	-0.14
Psco_155	1	MZ	6	0	98	0	0	0	278	376	1.065	1.042	22.11	23.44	0.02	0.01	-0.01
Psco_252	1	MZ	4	1	61	1	0.481122363	0.083307482	271	332	0.928	0.639	22.79	21.18	-0.02	-0.15	-0.12
Psco_163	1	TZ	16	1	76	1	0.456401192	0.061459956	291	367	1.038	0.853	23.36	22.1	0.01	-0.05	-0.06
Psco_261	1	MZ	5	1	55	1	0.363565691	0.25412982	275	330	1.009	3.366	23.08	22.37	0	0.39	0.39
Psco_171	1	MZ	6	0	98	0	0	0	278	376	1.257	0.781	23.62	23.08	0.07	-0.08	-0.15
Psco_269	1	TZ	19	1	51	1	0.759409979	0.133978469	276	327	1.042	0.771	24.12	22.75	0.01	-0.08	-0.1
Psco_179	1	MZ	3	0	98	0	0	0	284	382	1.009	0.803	22.38	22.39	0	-0.07	-0.07
Psco_277	1	TZ	13	1	50	1	0.478682232	0.148311658	289	339	0.92	0.673	23.79	21.41	-0.03	-0.13	-0.1
Psco_187	1	TZ	18	1	65	1	0.748777265	0.168213924	297	362	1.093	0.714	23.87	21.4	0.03	-0.11	-0.14
Psco_285	1	TZ	11	1	65	1	0.529918177	0.210559612	303	368	0.968	0.74	24.43	22.97	-0.01	-0.1	-0.09
Psco_293	1	MZ	8	1	76	1	0.510721352	0.089583541	271	347	0.76	0.498	21.37	20.1	-0.09	-0.23	-0.14
Psco_389	1	TZ	17	1	43	1	1.315098446	0.19702091	276	319	1.082	0.857	24.7	23.62	0.02	-0.05	-0.07
Psco_301	1	TZ	11	1	65	1	0.704050346	0.173982976	303	368	0.957	0.727	22.98	21.6	-0.01	-0.1	-0.09
Psco_412	2	MZ	36	1	58	1	0.634931693	0.077571079	192	250	1.236	0.883	25.41	20.97	0.07	-0.04	-0.11
Psco_309	1	MZ	3	1	65	1	0.608662689	0.107950588	284	349	1.103	0.824	24.53	22.76	0.03	-0.06	-0.09
Psco_420	2	TZ	52	1	57	1	0.599616187	0.06404224	164	221	0.521	0.45	19.7	17.01	-0.22	-0.28	-0.06
Psco_317	1	MZ	2	0	98	0	0	0	271	369	1.013	0.815	22.84	23.16	0	-0.07	-0.07
Psco_428	2	TZ	50	1	74	1	0.453262234	0.056054416	172	246	0.575	0.383	18.62	17.36	-0.19	-0.34	-0.15
Psco_325	1	TZ	9	1	56	1	0.672048454	0.097655403	296	352	0.881	0.57	22.91	20.61	-0.04	-0.19	-0.15
Psco_436	2	TZ	50	1	59	1	0.277855693	0.159037852	172	231	0.533	0.374	18.94	18.94	-0.21	-0.33	-0.12
Psco_333	1	MZ	5	1	65	1	0.686097352	0.098030383	275	340	0.845	0.633	22.42	21.59	-0.05	-0.15	-0.09
Psco_444	2	TZ	54	1	70	1	0.432467658	0.060473255	170	240	0.517	0.45	20.01	17.89	-0.22	-0.28	-0.06
Psco_341	1	MZ	7	0	98	0	0	0	278	376	1.4	0.899	25.99	23.53	0.1	-0.03	-0.14
Psco_452	2	TZ	44	1	62	1	0.34912475	0.062844118	173	235	0.717	0.506	20.91	20.05	-0.11	-0.23	-0.12
Psco_349	1	TZ	12	1	63	1	0.353208723	0.069549666	296	359	0.793	0.578	21.39	20.34	-0.08	-0.18	-0.11
Psco_460	2	TZ	49	1	54	1	0.62726569	0.022250682	175	229	0.734	0.501	22.63	19.85	-0.1	-0.23	-0.13
Psco_357	1	MZ	1	0	98	0	0	0	269	367	1.054	0.649	22.63	21.61	0.02	-0.14	-0.16
Psco_468	2	TZ	50	0	98	1	-0.005664089	0.059527244	172	270	0.55	0.613	19.08	19.3	-0.2	-0.17	0.04
Psco_365	1	TZ	11	0	98	0	0	0	303	401	0.78	0.727	21.3	21.64	-0.08	-0.1	-0.02
Psco_476	2	TZ	46	1	70	1	0.390526133	0.084805335	160	230	0.563	0.379	20.09	17.86	-0.19	-0.34	-0.15
Psco_373	1	MZ	1	0	98	0	0	0	269	367	1.261	0.981	24.33	24.83	0.07	-0.01	-0.08
Psco_484	2	MZ	31	0	98	0	0	0	199	297	1.26	0.963	24.24	24.65	0.07	-0.01	-0.08
Psco_381	1	MZ	6	1	64	1	0.580519906	0.216563556	278	342	0.952	0.671	22.48	21.61	-0.02	-0.13	-0.11
Psco_492	2	MZ	25	0	98	0	0	0	208	306	1.049	1.082	22.23	23	0.02	0.03	0.01
Psco_196	1	MZ	8	0	98	0	0	0	271	369	0.869	0.777	21.98	22.31	-0.05	-0.08	-0.04
Psco_108	1	MZ	4	1	80	1	0.42925459	0.084739432	271	351	0.899	0.749	22.11	20.28	-0.03	-0.1	-0.06
Psco_204	1	TZ	15	1	58	1	0.585602184	0.099739488	299	357	0.877	0.644	22.65	21.84	-0.04	-0.14	-0.1
Psco_116	1	TZ	13	0	98	0	0	0	289	387	0.544	0.403	18.56	18.49	-0.21	-0.31	-0.1
Psco_212	1	TZ	11	0	98	0	0	0	303	401	0.984	0.9	22.12	22.46	-0.01	-0.03	-0.03
Psco_124	1	MZ	2	1	63	1	0.663398351	0.022991363	271	334	1.128	0.718	23.86	21.3	0.04	-0.11	-0.15
Psco_132	1	TZ	14	1	84	1	0.651495676	0.132327758	292	376	1.026	0.915	23.46	21.35	0.01	-0.03	-0.04
Psco_228	1	TZ	17	0	98	0	0	0	276	374	0.976	0.74	23.56	22.66	-0.01	-0.1	-0.09
Psco_140	1	TZ	19	1	61	1	0.66369571	0.192932691	276	337	1.298	0.841	25.88	22.73	0.08	-0.06	-0.14
Psco_236	1	TZ	14	1	72	1	0.469497325	0.163256441	292	364	0.933	0.835	23.55	21.52	-0.02	-0.06	-0.04
Psco_148	1	TZ	10	1	79	1	0.465357685	0.131972156	292	371	1.03	0.67	23.37	21.61	0.01	-0.13	-0.14
Psco_156	1	TZ	17	1	63	1	0.574829914	0.063661249	276	339	1.009	0.652	23.25	22.32	0	-0.14	-0.14
Psco_253	1	MZ	2	1	53	1	0.894891574	0.195230919	271	324	0.932	0.619	22.4	21.03	-0.02	-0.16	-0.13
Psco_164	1	MZ	6	0	98	0	0	0	278	376	0.961	0.739	21.64	21.9	-0.01	-0.1	-0.09
Psco_262	1	TZ	19	1	71	1	0.661524356	0.193170929	276	347	1.071	0.877	24.65	23.04	0.02	-0.04	-0.06
Psco_172	1	TZ	12	1	69	1	0.325266415	0.134927252	296	365	0.85	0.699	22.9	21.23	-0.05	-0.12	-0.07
Psco_270	1	MZ	2	0	98	1	0.117061707	0.088824356	271	369	1.083	0.943	23.67	23.67	0.03	-0.02	-0.04
Psco_180	1	MZ	5	0	98	0	0	0	275	373	1.113	0.816	23.18	23.75	0.03	-0.06	-0.1
Psco_278	1	TZ	18	1	63	1	0.423730549	0.128382974	297	360	1.205	0.893	22.67	22.26	0.06	-0.04	-0.1
Psco_188	1	MZ	6	1	60	1	0.718435236	0.130630645	278	338	1.065	0.712	23.03	23.66	0.02	-0.11	-0.13
Psco_286	1	MZ	1	0	98	0	0	0	269	367	1.071	0.956	23.54	22.24	0.02	-0.01	-0.04
Psco_294	1	TZ	10	0	98	0	0	0	292	390	1.007	0.736	24.42	23.37	0	-0.1	-0.1
Psco_390	1	TZ	10	1	56	1	0.68766411	0.150510663	292	348	0.862	0.711	22.37	20.91	-0.05	-0.11	-0.06
Psco_302	1	TZ	16	1	64	1	0.289976103	0.197774739	291	355	1.073	0.848	23.76	22.38	0.02	-0.05	-0.08
Psco_413	2	MZ	34	1	47	1	0.526585176	0.29840931	189	236	1.047	0.849	24.61	22.41	0.01	-0.05	-0.07
Psco_310	1	MZ	1	1	63	1	0.463779982	0.316014019	269	332	1.044	0.805	22.78	21.38	0.01	-0.07	-0.08
Psco_421	2	MZ	22	0	98	1	0.192147025	0.097787954	173	271	1.135	0.758	24.5	22.8	0.04	-0.09	-0.13
Psco_318	1	TZ	11	1	51	1	1.02510435	0.218309692	303	354	0.945	0.686	23.24	21.07	-0.02	-0.12	-0.11
Psco_429	2	TZ	50	1	79	1	0.376263394	0.054900142	172	251	0.498	0.48	18.82	17.73	-0.24	-0.26	-0.02
Psco_326	1	MZ	2	1	62	1	0.421464955	0.234645669	271	333	1.095	0.639	22.85	21.55	0.03	-0.15	-0.17
Psco_437	2	TZ	50	1	62	1	0.711463806	0.143997791	172	234	0.4	0.345	16.93	16.29	-0.32	-0.38	-0.06
Psco_334	1	TZ	17	1	67	1	0.55020075	0.062600028	276	343	1.135	0.831	25.07	23.33	0.04	-0.06	-0.1
Psco_445	2	MZ	24	1	84	1	0.383937689	0.100748935	239	323	1.187	0.871	24.94	22.97	0.05	-0.04	-0.1
Psco_342	1	TZ	11	1	59	1	0.595486732	0.026373312	303	362	0.963	0.645	23.05	22.31	-0.01	-0.14	-0.13
Psco_453	2	TZ	42	1	71	1	0.348234373	0.066484377	185	256	0.881	0.634	23.52	20.14	-0.04	-0.15	-0.11
Psco_350	1	TZ	14	1	63	1	0.507880053	0.118621211	292	355	1.035	0.798	23.73	22.31	0.01	-0.07	-0.08
Psco_461	2	MZ	34	1	77	1	0.361430519	0.058486841	189	266	0.994	0.783	24.25	22.01	0	-0.08	-0.08
Psco_358	1	TZ	15	1	53	1	0.617835779	0.091654235	299	352	0.961	0.692	23.21	21.88	-0.01	-0.12	-0.11
Psco_469	2	TZ	47	0	98	0	0	0	175	273	0.788	0.882	20.94	22.31	-0.08	-0.04	0.04
Psco_366	1	TZ	10	1	50	1	0.668067261	0.199166107	292	342	1.222	0.813	24.64	21.97	0.06	-0.07	-0.13
Psco_477	2	TZ	43	1	54	1	0.457427183	0.132775318	175	229	0.724	0.47	21.47	19.48	-0.11	-0.25	-0.15
Psco_374	1	TZ	19	1	50	1	0.684527881	0.216942795	276	326	0.965	0.645	24.41	21.62	-0.01	-0.14	-0.13
Psco_485	2	TZ	50	1	76	1	0.290951471	0.114509493	172	248	0.539	0.41	19.94	19.24	-0.21	-0.3	-0.1
Psco_382	1	TZ	19	1	56	1	0.665827696	0.083229705	276	332	1.011	0.675	23.92	21.95	0	-0.13	-0.13
Psco_493	2	MZ	32	0	98	0	0	0	199	297	0.915	1.006	24.62	23.31	-0.03	0	0.03
Psco_197	1	TZ	19	1	60	1	0.712549823	0.080979359	276	336	1.034	0.832	24.33	21.84	0.01	-0.06	-0.07
Psco_109	1	MZ	5	1	50	1	0.47431674	0.138325803	275	325	0.978	0.701	21.23	20.26	-0.01	-0.12	-0.11
Psco_205	1	MZ	2	0	98	0	0	0	271	369	1.036	0.85	23.2	24.42	0.01	-0.05	-0.06
Psco_117	1	MZ	2	1	56	1	0.658784646	0.290361862	271	327	1.154	0.796	23.4	20.87	0.05	-0.08	-0.12
Psco_213	1	MZ	6	0	98	0	0	0	278	376	0.968	0.751	22.75	21.69	-0.01	-0.09	-0.08
Psco_125	1	TZ	10	1	56	1	1.3307357	0.523527192	292	348	0.989	0.681	23.67	21.6	0	-0.13	-0.12
Psco_221	1	MZ	5	1	70	1	0.486150903	0.139700302	275	345	1.123	0.788	22.91	20.38	0.04	-0.08	-0.12
Psco_133	1	TZ	17	1	68	1	0.584793681	0.060017411	276	344	1.026	0.818	24.44	22.87	0.01	-0.06	-0.07
Psco_229	1	MZ	6	1	57	1	0.833352284	0.196069075	278	335	1.107	0.984	22.84	22.06	0.03	-0.01	-0.04
Psco_141	1	MZ	2	0	98	0	0	0	271	369	0.952	0.808	22.5	23.2	-0.02	-0.07	-0.05
Psco_237	1	MZ	7	1	62	1	0.867008318	0.213810747	278	340	1.172	0.808	24.4	22.01	0.05	-0.07	-0.12
Psco_149	1	TZ	17	1	53	1	0.638813637	0.022131606	276	329	1.004	0.706	23.92	23.24	0	-0.11	-0.11
Psco_246	1	TZ	16	1	66	1	0.695744014	0.10720026	291	357	1.02	0.719	24.05	22.04	0.01	-0.11	-0.11
Psco_157	1	MZ	6	0	98	1	0.304116304	0.062427141	278	376	0.931	0.827	20.73	21.8	-0.02	-0.06	-0.04
Psco_254	1	TZ	11	0	98	0	0	0	303	401	1.041	0.943	24.36	23.2	0.01	-0.02	-0.03
Psco_165	1	MZ	1	1	49	1	0.972137109	0.198938931	269	318	0.994	0.707	23.43	21.65	0	-0.11	-0.11
Psco_263	1	MZ	6	1	57	1	0.751695973	0.090634355	278	335	1.029	0.641	22.44	21.11	0.01	-0.15	-0.16
Psco_173	1	MZ	2	1	53	1	0.113896757	0.341513712	271	324	1.227	0.886	25.45	23.65	0.06	-0.04	-0.1
Psco_271	1	MZ	5	1	66	1	0.583625538	0.091888504	275	341	1.041	0.797	22.86	21.68	0.01	-0.07	-0.09
Psco_181	1	TZ	16	0	98	0	0	0	291	389	1.067	0.971	22.61	23.21	0.02	-0.01	-0.03
Psco_279	1	MZ	7	1	79	1	0.322216528	0.241255517	278	357	1.108	0.768	24.03	21.34	0.03	-0.09	-0.12
Psco_189	1	MZ	7	0	98	0	0	0	278	376	1.164	0.939	24.66	23.04	0.05	-0.02	-0.07
Psco_287	1	TZ	15	1	58	1	0.452970078	0.138163532	299	357	1.104	0.865	24.75	24.53	0.03	-0.05	-0.08
Psco_295	1	TZ	15	0	98	0	0	0	299	397	0.746	0.717	21.35	21.29	-0.1	-0.11	-0.01
Psco_391	1	TZ	14	1	43	1	0.737912641	0.049810947	292	335	0.85	0.815	23.69	23.22	-0.05	-0.07	-0.01
Psco_303	1	MZ	4	1	72	1	0.480028743	0.092723118	271	343	0.926	0.623	21.52	20.25	-0.03	-0.16	-0.13
Psco_414	2	TZ	50	1	62	1	0.872295541	0.123942981	172	234	0.625	0.425	21.17	18.85	-0.15	-0.29	-0.14
Psco_311	1	TZ	10	1	45	1	0.70931451	0.156371839	292	337	1.06	0.946	22.91	21.49	0.02	-0.02	-0.04
Psco_422	2	TZ	50	1	59	1	0.712603507	0.110975776	172	231	0.59	0.415	19.72	18.17	-0.18	-0.3	-0.13
Psco_430	2	MZ	24	1	76	1	0.313301255	0.060368258	239	315	1.07	0.759	24.15	22.72	0.02	-0.09	-0.11
Psco_327	1	TZ	13	0	98	0	0	0	289	387	1.041	0.744	23.98	23.42	0.01	-0.09	-0.11
Psco_438	2	MZ	34	1	68	1	0.416324825	0.108460175	189	257	0.94	0.83	23.68	22.9	-0.02	-0.06	-0.04
Psco_335	1	TZ	13	1	49	1	0.242204409	0.145922345	289	338	1.011	0.745	23.5	21.58	0	-0.1	-0.1
Psco_446	2	MZ	37	0	98	1	0.26829546	0.059890842	200	298	1.099	1.078	24.58	22.68	0.03	0.02	-0.01
Psco_343	1	MZ	8	1	76	1	0.522635007	0.109738159	271	347	0.933	0.742	23.62	21.41	-0.02	-0.1	-0.08
Psco_454	2	TZ	49	1	67	1	0.60070911	0.119343162	175	242	0.784	0.554	21.14	20.03	-0.08	-0.2	-0.12
Psco_351	1	MZ	7	0	98	0	0	0	278	376	1.106	0.797	23.47	22.54	0.03	-0.07	-0.1
Psco_462	2	TZ	51	1	59	1	0.419776232	0.069317008	159	218	0.718	0.518	21.63	19.39	-0.11	-0.22	-0.11
Psco_470	2	TZ	48	1	79	1	0.411532129	0.051174794	173	252	0.576	0.437	20.7	18.01	-0.18	-0.29	-0.1
Psco_367	1	MZ	1	1	37	1	1.100893571	0.411625576	269	306	1.197	0.898	23.3	23.54	0.06	-0.03	-0.09
Psco_478	2	MZ	22	1	61	1	0.615868173	0.063432675	173	234	1.242	0.772	24.92	21.21	0.07	-0.08	-0.15
Psco_375	1	MZ	3	1	50	1	0.826724575	0.163579999	284	334	0.756	0.542	20.93	19.62	-0.09	-0.21	-0.11
Psco_486	2	MZ	39	0	98	0	0	0	206	304	0.842	1.112	21.69	22.61	-0.06	0.03	0.09
Psco_383	1	MZ	5	0	98	0	0	0	275	373	0.064	0.835	21.18	22.11	-0.9	-0.06	0.84
Psco_494	2	MZ	40	1	68	1	0.502896659	0.081219057	202	270	1.117	0.905	24.63	21.78	0.03	-0.03	-0.07
Psco_198	1	TZ	16	1	49	1	0.621372235	0.050342119	291	340	0.831	0.677	21.99	21.21	-0.06	-0.13	-0.07
Psco_110	1	TZ	9	0	98	0	0	0	296	394	1.066	0.967	23.99	25.29	0.02	-0.01	-0.03
Psco_206	1	MZ	3	1	64	1	0.746143348	0.166827238	284	348	0.861	0.633	22.35	21.26	-0.05	-0.15	-0.1
Psco_118	1	MZ	8	0	98	1	0.315800775	0.040272111	271	369	0.891	0.6	22.19	20.37	-0.04	-0.17	-0.13
Psco_214	1	TZ	20	1	72	1	0.603401336	0.056413947	289	361	0.991	0.745	22.99	21.26	0	-0.1	-0.09
Psco_126	1	TZ	11	1	53	1	0.098324847	0.090195711	303	356	0.943	0.708	23.22	22.12	-0.02	-0.11	-0.09
Psco_222	1	MZ	4	0	98	0	0	0	271	369	0.929	0.843	23.98	23.5	-0.02	-0.05	-0.03
Psco_134	1	MZ	8	1	53	1	0.439293686	0.159331278	271	324	1.093	0.78	23.17	20.34	0.03	-0.08	-0.11
Psco_230	1	MZ	5	1	57	1	0.867959624	0.226430297	275	332	1.137	0.436	22.33	20.29	0.04	-0.28	-0.32
Psco_142	1	TZ	16	1	61	1	0.422822899	0.042225933	291	352	1.211	0.851	24.4	22.83	0.06	-0.05	-0.11
Psco_238	1	TZ	17	1	53	1	0.729939787	0.108070251	276	329	1.092	0.65	24.42	21.83	0.03	-0.14	-0.17
Psco_150	1	MZ	5	1	62	1	0.57037465	0.102709128	275	337	0.85	0.615	21.57	21.53	-0.05	-0.16	-0.11
Psco_247	1	TZ	13	0	98	0	0	0	289	387	0.915	0.84	22.69	23.13	-0.03	-0.06	-0.03
Psco_158	1	MZ	1	1	48	1	1.071017366	0.348988753	269	317	1.059	0.755	23.18	21.34	0.02	-0.09	-0.11
Psco_255	1	TZ	9	0	98	0	0	0	296	394	1.123	0.903	24.28	23.98	0.04	-0.03	-0.07
Psco_166	1	MZ	5	1	51	1	1.03246401	0.127981555	275	326	0.946	0.669	23.08	21.82	-0.02	-0.13	-0.11
Psco_264	1	MZ	4	1	62	1	0.67764594	0.13812504	271	333	0.867	0.635	22.04	21.97	-0.05	-0.15	-0.1
Psco_174	1	MZ	4	1	80	1	0.537522351	0.127049485	271	351	1.024	0.85	23.29	22.65	0.01	-0.05	-0.06
Psco_272	1	MZ	4	1	63	1	0.534179395	0.1385753	271	334	0.772	0.535	20.61	18.22	-0.09	-0.22	-0.13
Psco_182	1	MZ	4	0	98	0	0	0	271	369	1.069	0.938	24.19	23.76	0.02	-0.02	-0.04
Psco_280	1	MZ	6	0	98	1	0.442705256	0.146110973	278	376	1.096	0.745	24.91	22.08	0.03	-0.1	-0.12
Psco_190	1	MZ	8	1	76	1	0.54720251	0.052410681	271	347	0.901	0.693	23.1	20.91	-0.03	-0.12	-0.09
Psco_288	1	MZ	4	1	62	1	0.414250915	0.079791404	271	333	0.871	0.692	22.25	21.64	-0.04	-0.12	-0.08
Psco_296	1	TZ	14	1	74	1	0.482078526	0.097326561	292	366	0.791	0.614	21.32	19.5	-0.08	-0.16	-0.09
Psco_392	1	MZ	3	1	57	1	0.864796272	0.151499449	284	341	0.926	0.674	22.54	21.26	-0.02	-0.13	-0.1
Psco_304	1	TZ	11	0	98	0	0	0	303	401	0.972	0.907	22.96	23.41	-0.01	-0.03	-0.02
Psco_312	1	MZ	2	0	98	0	0	0	271	369	1.156	0.843	24.26	22.66	0.05	-0.05	-0.1
Psco_423	2	TZ	50	0	98	1	0.22800801	0.028073587	172	270	0.617	0.511	20.55	19.05	-0.16	-0.23	-0.07
Psco_431	2	MZ	27	1	86	1	0.417307371	0.100766345	208	294	1.166	0.788	25.67	22.46	0.05	-0.08	-0.12
Psco_328	1	TZ	13	1	91	1	1.1932586	0.190013018	289	380	0.913	0.519	22.15	20.33	-0.03	-0.22	-0.19
Psco_439	2	TZ	53	1	60	1	0.437530512	0.110436352	161	221	0.548	0.464	20.04	17.88	-0.2	-0.27	-0.07
Psco_447	2	MZ	36	1	84	1	0.174692408	0.085694209	192	276	1.181	1.002	24.61	23.14	0.05	0	-0.05
Psco_344	1	TZ	15	1	64	1	0.343309303	0.126099966	299	363	0.948	0.724	22.47	21.49	-0.02	-0.11	-0.09
Psco_455	2	MZ	39	1	67	1	0.446893658	0.076819926	206	273	1.158	0.713	24.51	22.7	0.05	-0.11	-0.15
Psco_352	1	TZ	13	1	71	1	0.694980031	0.158172854	289	360	1.012	0.739	23.31	21.66	0	-0.1	-0.1
Psco_463	2	TZ	44	0	98	1	0.253950603	0.062755861	173	271	0.578	0.656	19.34	18.68	-0.19	-0.14	0.04
Psco_360	1	MZ	6	1	53	1	0.770886495	0.080637433	278	331	1.041	0.748	24.67	22.35	0.01	-0.09	-0.11
Psco_471	2	TZ	53	1	62	1	0.513991734	0.110560195	161	223	0.531	0.404	19.77	17.84	-0.21	-0.31	-0.1
Psco_368	1	MZ	6	0	98	0	0	0	278	376	0.894	0.77	22.36	22.23	-0.04	-0.08	-0.05
Psco_479	2	MZ	35	1	42	1	0.787467865	0.217983931	189	231	0.962	0.893	23.67	21.71	-0.01	-0.04	-0.02
Psco_376	1	MZ	6	1	69	1	0.742563132	0.188049657	278	347	0.871	0.631	21.63	21.45	-0.04	-0.15	-0.11
Psco_487	2	MZ	40	1	49	1	0.543612936	0.113323983	202	251	1.081	0.909	24.71	22.26	0.02	-0.03	-0.06
Psco_384	1	MZ	2	1	42	1	0.772948057	0.166441619	271	313	0.953	0.707	23.13	21.33	-0.02	-0.11	-0.1
Psco_495	2	MZ	27	0	98	0	0	0	208	306	1.001	0.925	23.92	24.55	0	-0.02	-0.02
Psco_990	3	TZ	52	1	94	1	0.266195093	0.052329522	279	373	0.796	0.786	21.54	21.45	-0.07	-0.08	0
Psco_902	3	MZ	36	0	98	0	0	0	307	405	1.35	0.861	27.43	24.59	0.09	-0.05	-0.14
Psco_998	3	TZ	42	1	76	0	0	0	300	376	0.707	0.458	22.24	19.56	-0.11	-0.26	-0.15
Psco_910	3	TZ	44	0	98	1	0.370363187	0.063887485	288	386	0.858	0.796	22.62	22.03	-0.05	-0.07	-0.02
Psco_1006	3	TZ	50	0	98	0	0	0	287	385	0.477	0.396	18.7	19.27	-0.25	-0.31	-0.06
Psco_918	3	TZ	50	0	98	0	0	0	287	385	0.763	0.557	17.3	22.67	-0.09	-0.19	-0.09
Psco_1014	3	TZ	44	1	69	1	0.395186134	0.133339524	288	357	0.67	0.667	21.68	20.96	-0.13	-0.13	0
Psco_926	3	TZ	44	1	66	1	0.667278593	0.147544099	288	354	0.963	0.885	23.22	23.02	-0.01	-0.04	-0.03
Psco_1022	3	TZ	42	1	70	1	0.446652915	0.096612275	300	370	0.853	0.633	23.79	20.92	-0.05	-0.15	-0.1
Psco_1030	3	TZ	46	1	62	1	0.500249251	0.168327096	275	337	0.878	0.694	23.39	22.95	-0.04	-0.12	-0.08
Psco_942	3	TZ	50	1	48	1	0.869463434	0.100991609	287	335	0.822	0.668	22.6	22.09	-0.06	-0.13	-0.07
Psco_1038	3	TZ	48	1	74	1	0.276682304	0.283587461	288	362	0.775	0.514	23.36	20.44	-0.08	-0.22	-0.14
Psco_950	3	TZ	50	0	98	0	0	0	287	385	0.632	0.678	20.3	20.96	-0.15	-0.13	0.02
Psco_1046	3	TZ	48	0	98	1	0.147359838	0.036472705	288	386	0.991	0.883	22.93	22.73	0	-0.04	-0.04
Psco_958	3	TZ	44	1	62	1	0.504647165	0.156004704	288	350	0.825	0.778	22.26	20.5	-0.06	-0.08	-0.02
Psco_1054	3	TZ	49	1	88	1	0.283245061	0.064632967	290	378	0.926	0.726	24.6	21.34	-0.02	-0.1	-0.08
Psco_966	3	TZ	41	0	98	0	0	0	261	359	1.214	1.238	25.85	25.42	0.06	0.07	0.01
Psco_974	3	TZ	50	0	98	0	0	0	287	385	0.723	0.604	21.8	21.48	-0.11	-0.16	-0.06
Psco_982	3	TZ	44	0	98	1	0.124198356	0.107281363	288	386	0.713	0.66	21.92	21.79	-0.11	-0.13	-0.03
Psco_895	3	MZ	36	0	98	0	0	0	307	405	1.369	1.272	26.14	26.92	0.1	0.07	-0.02
Psco_991	3	TZ	50	0	98	1	0.018316308	0.074910524	287	385	0.804	0.754	22.63	23.23	-0.07	-0.09	-0.02
Psco_903	3	MZ	27	1	61	1	0.416989899	0.164809819	323	384	1.132	0.757	25.64	23.08	0.04	-0.09	-0.13
Psco_999	3	TZ	49	1	57	1	0.799104976	0.19357868	290	347	0.836	0.625	26.43	21.93	-0.05	-0.15	-0.1
Psco_911	3	TZ	46	1	89	1	0.426088564	0.061902132	275	364	0.683	0.692	20.74	21.14	-0.13	-0.12	0.01
Psco_1007	3	TZ	49	1	51	1	0.477067291	0.085554475	290	341	0.709	0.75	20.77	22.44	-0.11	-0.09	0.02
Psco_919	3	TZ	49	1	75	1	0.384084717	0.057418976	290	365	0.939	0.846	23.63	23.92	-0.02	-0.05	-0.03
Psco_1015	3	TZ	44	0	98	1	0.18571984	0.066974646	288	386	0.63	0.624	20.38	20.11	-0.15	-0.16	0
Psco_927	3	TZ	52	0	98	0	0	0	279	377	0.763	0.669	22	21.41	-0.09	-0.13	-0.04
Psco_1023	3	TZ	50	0	98	0	0	0	287	385	0.737	0.875	22.5	21.63	-0.1	-0.04	0.05
Psco_935	3	TZ	42	0	98	1	0.141825692	0.039459783	300	398	0.786	0.677	21.89	20.5	-0.08	-0.13	-0.05
Psco_1031	3	TZ	44	0	98	0	0	0	288	386	0.965	0.694	24.98	22.63	-0.01	-0.12	-0.11
Psco_943	3	TZ	49	0	98	0	0	0	290	388	0.734	0.674	21.57	21.46	-0.1	-0.13	-0.03
Psco_1039	3	TZ	54	1	76	1	0.352635933	0.05163772	285	361	0.796	0.68	22.23	22.5	-0.07	-0.12	-0.05
Psco_951	3	TZ	42	0	98	0	0	0	300	398	0.797	0.757	22.31	21.04	-0.07	-0.09	-0.02
Psco_1047	3	TZ	44	0	98	1	0.31689775	0.052377486	288	386	0.69	0.653	22.25	22.42	-0.12	-0.14	-0.02
Psco_959	3	TZ	49	1	60	1	0.703977881	0.1238051	290	350	0.749	0.646	21.57	21.28	-0.09	-0.14	-0.05
Psco_1055	3	TZ	50	1	61	1	0.534764624	0.065689377	287	348	0.807	0.577	21.7	20.43	-0.07	-0.18	-0.11
Psco_967	3	TZ	43	1	69	1	0.531197717	0.041720049	290	359	1.172	1.222	25.67	26.04	0.05	0.06	0.01
Psco_975	3	TZ	50	1	92	1	0.285071827	0.05447797	287	379	0.7	0.603	20.63	21.59	-0.12	-0.16	-0.05
Psco_983	3	TZ	50	0	98	0	0	0	287	385	0.757	0.599	21.93	22.33	-0.09	-0.17	-0.07
Psco_896	3	MZ	35	0	98	0	0	0	304	402	0.972	0.76	22.79	23.32	-0.01	-0.09	-0.08
Psco_992	3	TZ	50	1	75	1	0.421708591	0.282205103	287	362	0.786	0.604	21.27	20.2	-0.08	-0.17	-0.09
Psco_904	3	MZ	34	1	69	1	0.364848299	0.075936993	304	373	1.061	0.733	26.37	23.68	0.02	-0.1	-0.12
Psco_1000	3	TZ	49	1	66	1	0.495142264	0.07878088	290	356	0.981	0.737	24.2	22.91	-0.01	-0.1	-0.09
Psco_912	3	TZ	48	0	98	0	0	0	288	386	0.814	0.8	23.31	23.61	-0.07	-0.07	-0.01
Psco_1008	3	TZ	50	1	56	1	0.716940401	0.052004121	287	343	0.629	0.466	20.7	19.17	-0.15	-0.26	-0.11
Psco_920	3	TZ	51	1	65	1	0.715385506	0.127255464	274	339	1.012	0.616	22.71	20.7	0	-0.16	-0.16
Psco_1016	3	TZ	49	1	60	1	0.745724755	0.034202023	290	350	0.713	0.48	22.2	19.58	-0.11	-0.25	-0.14
Psco_928	3	TZ	51	0	98	0	0	0	274	372	0.998	1.005	23.97	23.9	0	0	0
Psco_1024	3	TZ	50	1	54	1	0.632376943	0.157484915	287	341	0.575	0.511	21.13	20.08	-0.18	-0.22	-0.04
Psco_936	3	TZ	50	0	98	1	0.133570181	0.038525201	287	385	0.771	0.801	17	22.28	-0.09	-0.07	0.02
Psco_1032	3	TZ	53	0	98	0	0	0	276	374	0.57	0.485	19.67	17.69	-0.19	-0.25	-0.06
Psco_944	3	TZ	49	0	98	1	0.085190823	0.056042079	290	388	0.691	0.745	21.93	21.41	-0.12	-0.1	0.02
Psco_1040	3	TZ	50	1	89	1	0.262297901	0.051746791	287	376	0.719	0.666	21.47	21.78	-0.11	-0.13	-0.02
Psco_952	3	TZ	48	1	91	1	0.287780665	0.081718121	288	379	0.933	0.718	23.8	21.88	-0.02	-0.11	-0.09
Psco_1048	3	TZ	45	0	98	0	0	0	297	395	0.903	0.888	22.59	24.46	-0.03	-0.04	0
Psco_960	3	TZ	42	1	88	1	0.796077222	0.098102228	300	388	0.767	0.759	21.75	22.37	-0.09	-0.09	0
Psco_1056	3	TZ	42	0	98	0	0	0	300	398	0.851	0.702	23.81	21.78	-0.05	-0.11	-0.06
Psco_968	3	TZ	54	0	98	0	0	0	285	383	0.723	0.68	21	22.27	-0.11	-0.12	-0.02
Psco_976	3	TZ	53	0	98	0	0	0	276	374	0.619	0.517	22.13	21.6	-0.15	-0.21	-0.06
Psco_984	3	TZ	42	0	98	0	0	0	300	398	0.747	0.647	22.64	21.22	-0.09	-0.14	-0.05
Psco_897	3	MZ	31	1	64	1	0.52242805	0.094062066	314	378	1.137	0.758	25.83	22.93	0.04	-0.09	-0.13
Psco_993	3	TZ	48	1	58	1	0.520257976	0.093996332	288	346	0.828	0.715	21.65	22.63	-0.06	-0.11	-0.05
Psco_905	3	MZ	29	0	98	0	0	0	317	415	1.115	0.728	25.38	22.86	0.03	-0.1	-0.14
Psco_1001	3	TZ	52	1	57	1	0.591395192	0.146449494	279	336	0.859	0.559	24.02	21.5	-0.05	-0.19	-0.14
Psco_913	3	TZ	50	0	98	0	0	0	287	385	0.561	0.681	18.63	20.51	-0.2	-0.13	0.07
Psco_1009	3	TZ	49	1	63	1	0.594468877	0.085565317	290	353	0.755	0.8	22.57	22.62	-0.09	-0.07	0.02
Psco_921	3	TZ	53	1	62	1	0.6113882	0.14837668	276	338	0.603	0.601	20.5	21.68	-0.17	-0.17	0
Psco_1017	3	TZ	50	0	98	0	0	0	287	385	0.732	0.646	21	21.62	-0.1	-0.14	-0.04
Psco_929	3	TZ	43	1	68	1	0.346231269	0.147819747	290	358	1.057	1.099	25.55	24.49	0.02	0.03	0.01
Psco_1025	3	TZ	42	1	65	1	0.687627679	0.135388487	300	365	0.904	0.606	23.71	20.91	-0.03	-0.16	-0.13
Psco_937	3	TZ	50	0	98	0	0	0	287	385	0.577	0.388	15.4	18.95	-0.2	-0.32	-0.12
Psco_1033	3	TZ	45	0	98	0	0	0	297	395	0.786	0.63	22.6	20.2	-0.08	-0.15	-0.08
Psco_945	3	TZ	42	0	98	0	0	0	300	398	0.704	0.716	21.72	22.32	-0.11	-0.11	0.01
Psco_1041	3	TZ	42	0	98	1	-0.035212525	0.093906524	300	398	0.802	0.585	22.55	20.55	-0.07	-0.18	-0.11
Psco_953	3	TZ	41	0	98	0	0	0	261	359	1.294	1.171	25.89	26.54	0.08	0.05	-0.03
Psco_1049	3	TZ	49	0	98	0	0	0	290	388	0.901	0.65	24.2	22.58	-0.03	-0.14	-0.11
Psco_961	3	TZ	50	1	88	1	0.504518187	0.143208941	287	375	0.693	0.539	21.77	19.87	-0.12	-0.21	-0.09
Psco_1057	3	TZ	54	0	98	1	0.209152574	0.066920138	285	383	0.691	0.769	22.17	21.96	-0.12	-0.09	0.03
Psco_985	3	TZ	52	0	98	0	0	0	279	377	0.907	0.89	24.64	24.01	-0.03	-0.04	-0.01
Psco_898	3	MZ	40	0	98	0	0	0	317	415	1	0.897	25.13	23.58	0	-0.03	-0.03
Psco_994	3	TZ	50	0	98	0	0	0	287	385	0.735	0.588	22.13	20.72	-0.1	-0.18	-0.08
Psco_906	3	MZ	29	0	98	0	0	0	317	415	0.776	0.958	24.98	23.62	-0.08	-0.01	0.07
Psco_1002	3	TZ	46	1	60	1	0.655351191	0.137650538	275	335	0.721	0.703	22	20.78	-0.11	-0.12	-0.01
Psco_914	3	TZ	52	1	85	1	0.435674054	0.109771396	279	364	0.845	0.751	22.49	22.41	-0.05	-0.09	-0.04
Psco_1010	3	TZ	46	0	98	1	0.295670613	0.07144253	275	373	0.851	0.67	22.59	22.16	-0.05	-0.13	-0.08
Psco_922	3	TZ	50	1	60	1	0.532924495	0.145274436	287	347	0.585	0.524	15.63	20.1	-0.2	-0.22	-0.02
Psco_1018	3	TZ	42	1	55	1	1.033125761	0.094359781	300	355	0.932	0.651	23.3	21.39	-0.02	-0.14	-0.12
Psco_930	3	TZ	53	0	98	0	0	0	276	374	0.648	0.64	20.57	21.52	-0.14	-0.15	0
Psco_1026	3	TZ	49	0	98	1	0.20481069	0.042916253	290	388	0.688	0.503	21.93	20.45	-0.12	-0.23	-0.11
Psco_938	3	TZ	44	1	67	1	0.430110521	0.128832646	288	355	0.846	0.797	22.81	21.83	-0.05	-0.07	-0.02
Psco_1034	3	TZ	42	1	88	1	0.434763625	0.051406948	300	388	0.673	0.527	20.17	17.87	-0.13	-0.22	-0.09
Psco_946	3	TZ	53	0	98	0	0	0	276	374	0.868	0.562	22.67	20.76	-0.05	-0.19	-0.14
Psco_1042	3	TZ	45	1	74	1	0.560826897	0.204503174	297	371	0.787	0.696	22.66	22.23	-0.08	-0.12	-0.04
Psco_954	3	TZ	48	1	81	1	0.408161511	0.067861596	288	369	0.807	0.812	22.74	22.37	-0.07	-0.07	0
Psco_1050	3	TZ	53	0	98	0	0	0	276	374	0.804	0.513	22.93	20.81	-0.07	-0.22	-0.15
Psco_962	3	TZ	45	0	98	0	0	0	297	395	0.966	0.873	24.29	23.33	-0.01	-0.04	-0.03
Psco_1058	3	TZ	50	1	57	1	0.478677829	0.132618585	287	344	0.76	0.718	22.63	22.69	-0.09	-0.11	-0.02
Psco_970	3	TZ	47	1	66	1	0.412620085	0.115860081	290	356	0.98	0.677	24.27	21.42	-0.01	-0.13	-0.12
Psco_978	3	TZ	50	1	63	1	0.480610596	0.107650367	287	350	0.571	0.565	19.93	21.16	-0.19	-0.19	0
Psco_986	3	TZ	51	1	86	1	0.674883612	0.055168579	274	360	1.036	0.951	25.03	25.08	0.01	-0.02	-0.03
Psco_899	3	MZ	32	1	89	1	0.560674098	0.105884372	314	403	1.216	1.089	26.26	23.58	0.06	0.03	-0.03
Psco_995	3	TZ	44	1	52	1	0.472295407	0.178684382	288	340	0.514	0.562	19.1	19.67	-0.23	-0.19	0.03
Psco_907	3	MZ	21	0	98	0	0	0	333	431	1.225	0.898	27.02	23.17	0.06	-0.03	-0.1
Psco_1003	3	TZ	52	0	98	0	0	0	279	377	0.79	0.763	23.55	23.42	-0.07	-0.09	-0.01
Psco_915	3	TZ	54	0	98	1	0.010718164	0.058873719	285	383	0.832	0.831	21.57	23.38	-0.06	-0.06	0
Psco_1011	3	TZ	42	0	98	0	0	0	300	398	0.896	0.633	22.13	20.5	-0.04	-0.15	-0.12
Psco_923	3	TZ	44	0	98	0	0	0	288	386	0.629	0.399	20.36	18.43	-0.15	-0.32	-0.16
Psco_1019	3	TZ	47	1	60	1	0.92852109	0.070650477	290	350	1.177	0.777	26.42	23.64	0.05	-0.08	-0.13
Psco_931	3	TZ	49	0	98	0	0	0	290	388	0.799	0.621	22.5	21.48	-0.07	-0.16	-0.08
Psco_1027	3	TZ	54	0	98	0	0	0	285	383	0.72	0.664	22.07	23.47	-0.11	-0.13	-0.02
Psco_939	3	TZ	46	0	98	0	0	0	275	373	0.763	0.518	21.89	19.48	-0.09	-0.22	-0.13
Psco_1035	3	TZ	51	0	98	0	0	0	274	372	0.943	0.681	23.88	22.2	-0.02	-0.12	-0.11
Psco_947	3	TZ	54	0	98	0	0	0	285	383	0.73	0.539	22.47	20.8	-0.1	-0.2	-0.1
Psco_1043	3	TZ	44	1	58	1	0.508884899	0.124621073	288	346	0.982	0.891	23.75	23.86	-0.01	-0.04	-0.03
Psco_955	3	TZ	45	1	86	1	0.277973891	0.203830229	297	383	1.007	0.954	24.53	24.13	0	-0.01	-0.02
Psco_963	3	TZ	49	0	98	0	0	0	290	388	0.899	0.72	22.93	21.19	-0.03	-0.11	-0.07
Psco_971	3	TZ	42	1	66	1	0.49838215	0.103025553	300	366	0.691	0.51	20.51	19.36	-0.12	-0.23	-0.1
Psco_979	3	TZ	54	1	62	1	0.482738217	0.126484268	285	347	0.637	0.607	20.93	21.61	-0.15	-0.16	-0.01
Psco_987	3	TZ	53	0	98	0	0	0	276	374	0.629	0.656	21.03	21.78	-0.15	-0.14	0.02
Psco_900	3	MZ	34	0	98	0	0	0	304	402	0.966	0.831	24.28	23.92	-0.01	-0.06	-0.05
Psco_996	3	TZ	50	1	82	1	0.237118248	0.117454035	287	369	0.709	0.864	21.7	21.9	-0.11	-0.05	0.06
Psco_908	3	MZ	36	1	57	1	0.57215239	0.190993017	307	364	0.612	0.45	21.94	20.41	-0.16	-0.26	-0.11
Psco_1004	3	TZ	50	1	69	1	0.567577252	0.130039693	287	356	0.619	0.692	21.63	22.7	-0.16	-0.12	0.04
Psco_916	3	TZ	50	1	92	1	0.400081845	0.087354278	287	379	0.555	0.614	19.33	19.97	-0.2	-0.16	0.04
Psco_1012	3	TZ	50	1	64	1	0.475286066	0.066986485	287	351	0.623	0.684	21.57	21.08	-0.15	-0.12	0.03
Psco_924	3	TZ	48	0	98	1	0.266254462	0.104668427	288	386	0.881	0.855	23.44	22.96	-0.04	-0.05	-0.01
Psco_1020	3	TZ	46	1	69	1	0.364620281	0.207445833	275	344	0.704	0.532	21.1	19.4	-0.12	-0.21	-0.1
Psco_932	3	TZ	50	1	69	1	0.659832222	0.07032939	287	356	0.811	0.871	17.97	23.47	-0.07	-0.04	0.03
Psco_1028	3	TZ	46	0	98	0	0	0	275	373	0.784	0.566	21.87	20.53	-0.08	-0.19	-0.11
Psco_940	3	TZ	46	1	80	1	0.377767904	0.120279902	275	355	0.823	0.864	23.39	22.99	-0.06	-0.05	0.02
Psco_1036	3	TZ	48	0	98	0	0	0	288	386	0.931	0.791	22.8	21.62	-0.02	-0.08	-0.05
Psco_948	3	TZ	50	0	98	0	0	0	287	385	0.647	0.643	20.97	21.2	-0.14	-0.14	0
Psco_1044	3	TZ	47	1	90	1	0.324229057	0.056765732	290	380	1.058	0.99	24.68	25.6	0.02	0	-0.02
Psco_956	3	TZ	50	1	57	1	0.543467055	0.069210886	287	344	0.6	0.51	20.47	19.03	-0.17	-0.23	-0.06
Psco_964	3	TZ	45	1	74	1	0.443640133	0.073782155	297	371	0.763	0.78	22.23	23.79	-0.09	-0.08	0.01
Psco_972	3	TZ	54	0	98	0	0	0	285	383	0.639	0.595	20.93	21.1	-0.15	-0.17	-0.02
Psco_980	3	TZ	49	0	98	0	0	0	290	388	0.923	0.813	23.73	23.18	-0.03	-0.07	-0.04
Psco_988	3	TZ	53	0	98	0	0	0	276	374	0.801	0.806	22.57	22.75	-0.07	-0.07	0
Psco_901	3	MZ	36	1	55	1	0.675587234	0.084314357	307	362	0.68	0.431	22.35	20.56	-0.12	-0.28	-0.15
Psco_997	3	TZ	49	0	98	0	0	0	290	388	0.773	0.611	22.57	20.93	-0.08	-0.16	-0.08
Psco_1005	3	TZ	42	1	74	1	0.355061034	0.074232512	300	374	0.781	0.499	22.55	19.67	-0.08	-0.23	-0.15
Psco_917	3	TZ	52	1	83	1	0.617059301	0.075442024	279	362	0.834	1.027	22.81	22.25	-0.06	0.01	0.07
Psco_1013	3	TZ	50	0	98	0	0	0	287	385	0.705	0.738	21.33	20.59	-0.11	-0.1	0.01
Psco_925	3	TZ	44	0	98	0	0	0	288	386	0.733	0.682	22.19	20.78	-0.1	-0.13	-0.03
Psco_1021	3	TZ	42	0	98	1	0.163538997	0.05083925	300	398	0.816	0.555	22.12	20.59	-0.07	-0.19	-0.13
Psco_933	3	TZ	46	1	75	1	0.474849041	0.108743487	275	350	0.768	0.885	22.26	22.47	-0.09	-0.04	0.05
Psco_1029	3	TZ	50	1	62	1	0.539624236	0.081601798	287	349	0.671	0.512	20.6	19.83	-0.13	-0.22	-0.09
Psco_941	3	TZ	45	1	41	1	0.722931063	0.134176162	297	338	0.908	0.944	23.38	23.65	-0.03	-0.02	0.01
Psco_1037	3	TZ	49	0	98	0	0	0	290	388	0.872	0.714	22.6	22.19	-0.04	-0.11	-0.06
Psco_949	3	TZ	54	0	98	1	0.07820932	0.04932931	285	383	0.751	0.628	21.07	21.54	-0.09	-0.15	-0.06
Psco_1045	3	TZ	50	1	44	1	1.024696063	0.124980659	287	331	0.705	0.642	21.77	21.77	-0.11	-0.14	-0.03
Psco_957	3	TZ	42	0	98	1	0.018248941	0.048872076	300	398	0.716	0.594	21.98	20.58	-0.11	-0.17	-0.06
Psco_1053	3	TZ	50	1	74	1	0.38550772	0.117115259	287	361	0.738	0.512	21.37	21.26	-0.1	-0.22	-0.12
Psco_965	3	TZ	54	1	81	1	0.384517803	0.099475687	285	366	0.642	0.458	20.4	21.33	-0.15	-0.26	-0.11
Psco_973	3	TZ	44	0	98	0	0	0	288	386	0.708	0.671	20.59	21.29	-0.11	-0.13	-0.02
Psco_981	3	TZ	49	0	98	0	0	0	290	388	0.686	0.459	20.3	20.75	-0.13	-0.26	-0.13
Psco_989	3	TZ	53	0	98	1	0.3442565	0.09689642	276	374	0.715	0.638	21.37	20.48	-0.11	-0.15	-0.04
Psco_291	1	TZ	16	1	44	1	0.863628962	0.109408703	291	335	1.259	0.825	25.53	22.47	0.07	-0.06	-0.13
Psco_319	1	MZ	3	1	72	1	0.486480538	0.139536299	284	356	0.901	0.616	22.57	20.23	-0.03	-0.16	-0.13
Psco_415	2	MZ	21	1	49	1	0.873750476	0.256829121	218	267	1.089	0.835	24	21.45	0.03	-0.06	-0.09
Psco_320	1	MZ	3	0	98	1	0.119651521	0.01747969	284	382	0.909	0.733	21.95	21.77	-0.03	-0.1	-0.07
Psco_336	1	MZ	3	1	74	1	0.530399865	0.080271694	284	358	1.008	0.681	22.86	21.13	0	-0.13	-0.13
Psco_496	2	MZ	30	0	98	0	0	0	202	300	1.043	0.873	23.56	22.2	0.01	-0.04	-0.06
Psco_592	2	MZ	24	1	62	1	0.417533791	0.070675551	239	301	1.005	0.79	22.96	22.94	0	-0.08	-0.08
Psco_504	2	MZ	30	0	98	0	0	0	202	300	1.083	1.271	23.36	24.05	0.03	0.08	0.05
Psco_600	2	MZ	26	1	68	1	0.605620343	0.084334731	208	276	1.198	0.879	24.08	23.01	0.06	-0.04	-0.1
Psco_512	2	TZ	49	1	78	1	0.325205755	0.075984104	175	253	0.76	0.648	23.23	19.59	-0.09	-0.15	-0.06
Psco_608	2	TZ	49	1	72	1	0.496686629	0.075866219	175	247	0.708	0.452	21.37	19.72	-0.11	-0.27	-0.15
Psco_520	2	MZ	33	1	75	1	0.484411076	0.06884939	189	264	0.953	0.674	23.28	21.43	-0.02	-0.13	-0.11
Psco_616	2	MZ	34	1	58	1	1.227401315	0.269284691	189	247	1.018	0.938	23.98	22.33	0.01	-0.02	-0.03
Psco_528	2	TZ	44	1	77	1	0.482146452	0.055149936	173	250	0.715	0.467	21.69	19.39	-0.11	-0.26	-0.15
Psco_624	2	TZ	42	1	40	1	0.691187343	0.170542786	185	225	0.603	0.445	20.19	18.53	-0.17	-0.28	-0.11
Psco_536	2	MZ	31	1	64	1	0.4878763	0.056950492	199	263	1.064	0.673	24.6	20.86	0.02	-0.13	-0.15
Psco_632	2	MZ	36	0	98	0	0	0	192	290	1.267	0.934	27.28	25.82	0.07	-0.02	-0.09
Psco_544	2	MZ	40	1	68	1	0.51009052	0.060359936	202	270	1.045	0.877	23.59	22.17	0.01	-0.04	-0.06
Psco_640	2	MZ	26	1	85	1	0.41887491	0.086406265	208	293	1.249	0.9	25.85	23.72	0.07	-0.03	-0.1
Psco_552	2	MZ	25	0	98	0	0	0	208	306	1.094	0.964	22.65	24.28	0.03	-0.01	-0.04
Psco_648	2	TZ	49	1	56	1	0.539398021	0.066581385	175	231	0.734	0.55	21.3	19.1	-0.1	-0.2	-0.1
Psco_560	2	MZ	26	1	67	1	0.505993593	0.033921726	208	275	1.238	1.184	23.58	22.95	0.07	0.05	-0.01
Psco_656	2	TZ	45	1	65	1	0.428462631	0.104507561	182	247	0.669	0.475	19.52	17.79	-0.14	-0.26	-0.12
Psco_568	2	TZ	53	1	70	1	0.42606773	0.131530976	161	231	0.506	0.399	18.57	17.4	-0.23	-0.32	-0.09
Psco_664	2	TZ	53	0	98	1	0.170199163	0.042672773	161	259	0.573	1.132	20.25	19.22	-0.19	0.04	0.23
Psco_576	2	MZ	39	0	98	1	0.326425035	0.106720453	206	304	1.06	0.817	24.45	23.76	0.02	-0.06	-0.08
Psco_672	2	MZ	28	1	62	1	0.552410023	0.12369849	242	304	1.223	0.889	24.67	23	0.06	-0.04	-0.1
Psco_584	2	TZ	54	0	98	0	0	0	170	268	0.598	0.733	20.81	20.43	-0.17	-0.1	0.07
Psco_680	2	TZ	45	1	77	1	0.458951245	0.101812925	182	259	0.729	0.481	19.86	20.18	-0.11	-0.24	-0.14
Psco_688	2	TZ	44	1	54	1	0.928814845	0.216597825	173	227	0.676	0.515	22.52	19.02	-0.13	-0.23	-0.1
Psco_797	3	MZ	39	0	98	0	0	0	321	419	1.04	1.087	24.42	24.56	0.01	0.03	0.01
Psco_696	2	TZ	44	1	45	1	0.555551814	0.092800703	173	218	0.536	0.376	19.99	19.17	-0.21	-0.33	-0.12
Psco_805	3	MZ	33	1	63	1	0.51266581	0.152357646	304	367	1.021	0.755	25.59	22.29	0.01	-0.09	-0.1
Psco_704	2	TZ	50	1	48	1	0.236652282	0.146287769	172	220	0.582	0.383	19.74	18.28	-0.18	-0.33	-0.15
Psco_813	3	MZ	25	0	98	0	0	0	323	421	1.202	0.938	25.05	23.32	0.06	-0.02	-0.08
Psco_712	2	MZ	33	1	83	1	0.324497624	0.094840469	189	272	0.964	0.68	21.6	22.29	-0.01	-0.12	-0.11
Psco_821	3	MZ	39	0	98	0	0	0	321	419	0.934	0.818	24.64	22.66	-0.02	-0.06	-0.04
Psco_720	2	TZ	42	1	62	1	0.800724385	0.203167802	185	247	0.651	0.419	20.05	19.04	-0.14	-0.3	-0.15
Psco_829	3	MZ	33	0	98	0	0	0	304	402	1.244	0.865	25	24.06	0.07	-0.05	-0.11
Psco_837	3	MZ	39	1	78	1	0.67290027	0.107005214	321	399	1.193	0.803	26.3	23.91	0.05	-0.07	-0.12
Psco_749	3	MZ	26	0	98	0	0	0	323	421	1.144	0.971	25.61	24.58	0.04	-0.01	-0.05
Psco_845	3	MZ	32	0	98	1	0.122037692	0.056676105	314	412	1.277	0.966	25.93	24.22	0.08	-0.01	-0.09
Psco_757	3	MZ	23	0	98	0	0	0	304	402	1.264	0.841	26.68	23.83	0.07	-0.05	-0.13
Psco_853	3	MZ	39	0	98	0	0	0	321	419	1.078	0.882	25.22	25.64	0.02	-0.04	-0.06
Psco_765	3	MZ	26	0	98	0	0	0	323	421	1.301	1.156	27.96	25.91	0.08	0.04	-0.03
Psco_861	3	MZ	34	0	98	1	0.461018904	0.125505955	304	402	0.907	0.669	24.12	22.89	-0.03	-0.13	-0.1
Psco_773	3	MZ	32	0	98	0	0	0	314	412	1.039	1.057	25.43	25.8	0.01	0.02	0.01
Psco_869	3	MZ	21	1	85	1	0.341144837	0.100049572	333	418	1.165	1.019	26.1	25.8	0.05	0.01	-0.04
Psco_781	3	MZ	35	0	98	0	0	0	304	402	1.171	0.979	25.53	25.78	0.05	-0.01	-0.06
Psco_877	3	MZ	40	0	98	0	0	0	317	415	1.047	1.078	25.04	25.31	0.01	0.02	0.01
Psco_789	3	MZ	40	0	98	0	0	0	317	415	1.105	0.908	24.92	25.06	0.03	-0.03	-0.06
Psco_885	3	MZ	33	0	98	1	0.197047597	0.043476453	304	402	1.317	0.854	25.83	23.54	0.08	-0.05	-0.13
Psco_497	2	TZ	41	0	98	0	0	0	146	244	0.941	0.967	23.07	23.71	-0.02	-0.01	0.01
Psco_593	2	MZ	23	0	98	0	0	0	189	287	1.263	1.158	25.68	25.34	0.07	0.05	-0.03
Psco_505	2	TZ	45	0	98	0	0	0	182	280	0.788	1.013	20.72	321.65	-0.08	0	0.08
Psco_601	2	TZ	54	1	63	1	0.437031908	0.147008304	170	233	0.515	0.47	19.17	18.22	-0.22	-0.26	-0.04
Psco_513	2	TZ	54	1	65	1	0.41019341	0.140031022	170	235	0.519	0.445	19.68	17.45	-0.22	-0.28	-0.06
Psco_609	2	TZ	49	1	60	1	0.676086475	0.136300586	175	235	0.858	0.922	22.29	20.93	-0.05	-0.03	0.02
Psco_521	2	TZ	42	1	67	1	0.542704288	0.12399987	185	252	0.671	0.75	21.29	19.14	-0.13	-0.1	0.03
Psco_617	2	MZ	34	0	98	0	0	0	189	287	1.116	1.201	23.61	24.72	0.03	0.06	0.02
Psco_529	2	TZ	42	0	98	0	0	0	185	283	0.623	0.533	21.36	21.21	-0.15	-0.21	-0.05
Psco_625	2	MZ	34	1	58	1	0.533313295	0.132587359	189	247	1.105	0.817	23.44	21.48	0.03	-0.07	-0.1
Psco_537	2	TZ	53	1	63	1	0.470761164	0.074984016	161	224	0.46	0.325	18.58	18.82	-0.27	-0.38	-0.12
Psco_633	2	TZ	49	0	98	0	0	0	175	273	0.811	0.847	21.74	22.14	-0.07	-0.05	0.01
Psco_545	2	TZ	44	1	81	1	0.502371156	0.058560924	173	254	0.719	0.492	21.17	19.02	-0.11	-0.24	-0.13
Psco_641	2	TZ	46	0	98	1	0.418467341	0.060308155	160	258	0.54	0.634	18.68	17.61	-0.21	-0.16	0.05
Psco_553	2	MZ	34	1	63	1	0.589253131	0.055266293	189	252	0.999	0.692	24.75	21.55	0	-0.12	-0.12
Psco_649	2	TZ	45	1	53	1	0.63509708	0.068732386	182	235	0.676	0.428	20.71	18.66	-0.13	-0.29	-0.16
Psco_561	2	TZ	44	0	98	1	0.451174805	0.135832206	173	271	0.623	0.747	20.73	19.72	-0.16	-0.1	0.06
Psco_657	2	MZ	37	1	50	1	0.46213209	0.123445403	200	250	1.137	0.857	25.48	21.63	0.04	-0.05	-0.09
Psco_569	2	TZ	50	1	70	1	0.20991525	0.082641546	172	242	0.493	0.357	19.87	17.99	-0.24	-0.36	-0.12
Psco_665	2	TZ	42	1	72	1	0.389385064	0.156265864	185	257	0.666	0.474	20.62	18.35	-0.13	-0.26	-0.12
Psco_577	2	TZ	42	0	98	1	0.460486378	0.061022929	185	283	0.701	0.507	21.76	21.08	-0.12	-0.22	-0.11
Psco_585	2	MZ	38	1	93	1	0.490727253	0.089444231	200	293	1.121	0.766	24.08	23.52	0.04	-0.08	-0.12
Psco_681	2	TZ	45	1	81	1	0.356166258	0.073405368	182	263	0.655	0.54	20.33	18.98	-0.14	-0.21	-0.07
Psco_689	2	MZ	25	1	51	1	0.351387166	0.186345853	208	259	1.044	0.754	23.78	21.18	0.01	-0.09	-0.11
Psco_798	3	MZ	25	0	98	0	0	0	323	421	0.973	0.862	24.17	22.93	-0.01	-0.05	-0.04
Psco_697	2	MZ	32	0	98	0	0	0	199	297	1.151	1.987	25.53	24.45	0.04	0.21	0.17
Psco_806	3	MZ	38	0	98	0	0	0	315	413	1.279	1.36	26.49	25.6	0.08	0.09	0.02
Psco_705	2	MZ	25	1	56	1	0.505981782	0.094425914	208	264	1.053	0.954	24.58	22.84	0.02	-0.02	-0.03
Psco_814	3	MZ	33	0	98	0	0	0	304	402	1.019	0.902	24.68	23.8	0.01	-0.03	-0.04
Psco_713	2	MZ	36	1	76	1	0.479776476	0.064876084	192	268	1.209	0.851	26.82	24.67	0.06	-0.05	-0.11
Psco_822	3	MZ	38	0	98	0	0	0	315	413	1.252	1.071	27.39	25.8	0.07	0.02	-0.05
Psco_721	2	TZ	49	1	63	1	0.514982987	0.116751912	175	238	0.77	0.56	22.39	19.51	-0.08	-0.2	-0.11
Psco_830	3	MZ	34	0	98	0	0	0	304	402	1.084	0.688	25.29	22.87	0.02	-0.12	-0.14
Psco_838	3	MZ	34	1	72	1	0.672345036	0.106082307	304	376	0.276	0.308	17.19	16.1	-0.45	-0.42	0.03
Psco_750	3	MZ	40	0	98	0	0	0	317	415	1.019	0.859	24.73	23.85	0.01	-0.05	-0.05
Psco_846	3	MZ	21	0	98	0	0	0	333	431	1.286	0.809	26.3	23.6	0.08	-0.07	-0.14
Psco_758	3	MZ	34	0	98	0	0	0	304	402	0.955	0.715	24.6	23.29	-0.01	-0.11	-0.09
Psco_854	3	MZ	36	0	98	1	0.231864789	0.09568761	307	405	0.521	0.46	21.31	19.15	-0.21	-0.26	-0.05
Psco_766	3	MZ	37	0	98	1	0.202112985	0.027291669	315	413	0.734	0.492	21.84	20.34	-0.1	-0.24	-0.14
Psco_862	3	MZ	32	1	48	1	0.577158618	0.126687152	314	362	1.172	1.176	25.81	25.41	0.05	0.05	0
Psco_774	3	MZ	21	0	98	0	0	0	333	431	1.188	0.901	27.29	24.48	0.05	-0.03	-0.08
Psco_870	3	MZ	29	1	76	1	0.449274418	0.111392649	317	393	1.226	1.103	26.58	25.47	0.06	0.03	-0.03
Psco_782	3	MZ	27	0	98	0	0	0	323	421	0.988	0.916	24.3	23.18	0	-0.03	-0.02
Psco_878	3	MZ	23	0	98	0	0	0	304	402	1.238	0.893	27	24.41	0.06	-0.04	-0.1
Psco_790	3	MZ	35	0	98	0	0	0	304	402	0.956	0.485	25.45	21.11	-0.01	-0.24	-0.22
Psco_886	3	MZ	40	1	77	1	0.377205748	0.098644647	317	394	1.182	0.807	25.2	23.47	0.05	-0.07	-0.12
Psco_498	2	MZ	21	0	98	0	0	0	218	316	1.249	1.085	25.16	24.2	0.07	0.03	-0.04
Psco_594	2	TZ	42	1	86	1	0.312776655	0.056743208	185	271	0.633	0.45	19.77	18.53	-0.15	-0.27	-0.12
Psco_506	2	MZ	33	0	98	0	0	0	189	287	0.916	0.982	22.73	24.64	-0.03	-0.01	0.02
Psco_602	2	MZ	38	1	95	1	0.319938451	0.073873306	200	295	1.282	0.948	18.34	23.1	0.09	-0.02	-0.1
Psco_514	2	MZ	25	1	94	1	0.255584431	0.042942827	208	302	1.193	1.113	24.08	24.81	0.06	0.03	-0.02
Psco_610	2	MZ	40	0	98	0	0	0	202	300	0.988	1.396	24.46	24.4	0	0.1	0.11
Psco_522	2	MZ	23	0	98	0	0	0	189	287	1.173	1.191	25.72	25.65	0.05	0.05	0
Psco_618	2	MZ	27	1	58	1	0.52588911	0.132931467	208	266	1.153	0.671	24.55	21.58	0.04	-0.13	-0.17
Psco_530	2	MZ	30	0	98	0	0	0	202	300	1.061	1.002	23.08	24.05	0.02	0	-0.02
Psco_626	2	MZ	27	1	70	1	0.597797957	0.1031572	208	278	1.022	0.874	23.3	21.59	0.01	-0.04	-0.05
Psco_538	2	MZ	32	1	60	1	0.606389494	0.105616431	199	259	1.058	1.059	25.14	21.57	0.02	0.02	0
Psco_634	2	MZ	40	1	74	1	0.526401355	0.08504456	202	276	0.9433	0.713	23.79	22.46	-0.02	-0.11	-0.09
Psco_546	2	MZ	27	0	98	1	0.331185061	0.076388147	208	306	1.084	0.832	24.54	23.5	0.03	-0.06	-0.08
Psco_642	2	MZ	36	1	65	1	0.524807985	0.137779855	192	257	1.225	0.845	25.6	23.57	0.06	-0.05	-0.12
Psco_554	2	MZ	28	0	98	1	0.541547261	0.033067897	242	340	1.431	1.028	26.33	24.81	0.11	0.01	-0.1
Psco_650	2	MZ	29	1	44	1	0.528876606	0.103011037	202	246	0.965	0.913	23.87	21.04	-0.01	-0.03	-0.02
Psco_562	2	MZ	23	0	98	1	-0.032703525	0.092404457	189	287	1.073	1.129	24.68	24.52	0.02	0.04	0.02
Psco_658	2	MZ	26	1	76	1	0.484078284	0.075998168	208	284	1.333	0.878	25.93	25.26	0.09	-0.04	-0.13
Psco_570	2	TZ	50	1	72	1	0.404740888	0.186534353	172	244	0.495	0.372	19.86	17.26	-0.24	-0.35	-0.11
Psco_666	2	MZ	40	1	70	1	0.675609364	0.153755682	202	272	1.003	0.684	24.35	22.34	0	-0.12	-0.12
Psco_578	2	TZ	46	0	98	0	0	0	160	258	0.549	0.558	20.25	19.3	-0.2	-0.2	0
Psco_586	2	MZ	22	1	60	1	0.590282556	0.119970971	173	233	1.287	0.914	24.71	22.66	0.08	-0.03	-0.11
Psco_682	2	MZ	34	1	75	1	0.387244108	0.07573354	189	264	0.992	0.579	23.41	20.7	0	-0.18	-0.18
Psco_690	2	MZ	40	1	65	1	0.754073714	0.107655896	202	267	0.963	0.69	23.57	21.18	-0.01	-0.12	-0.11
Psco_799	3	MZ	21	0	98	0	0	0	333	431	1.187	0.708	27.16	23.71	0.05	-0.11	-0.16
Psco_698	2	MZ	29	1	70	1	0.42614791	0.077973127	202	272	1.14	0.88	25.57	22.97	0.04	-0.04	-0.08
Psco_706	2	MZ	22	0	98	0	0	0	173	271	0.984	1.09	23.69	22.84	-0.01	0.03	0.03
Psco_815	3	MZ	26	0	98	0	0	0	323	421	1.351	0.981	26.45	24.27	0.09	-0.01	-0.1
Psco_714	2	TZ	52	1	79	1	0.471202461	0.052982032	164	243	0.644	0.357	20.41	18.57	-0.15	-0.35	-0.21
Psco_823	3	MZ	26	1	88	1	0.353008953	0.089525177	323	411	1.311	1.227	25.72	25.4	0.08	0.06	-0.02
Psco_722	2	MZ	31	1	84	1	0.566379343	0.137890405	199	283	1.033	0.666	23.11	20.32	0.01	-0.13	-0.15
Psco_831	3	MZ	30	0	98	0	0	0	317	415	1.104	1.078	25.12	26.09	0.03	0.02	-0.01
Psco_839	3	MZ	39	0	98	0	0	0	321	419	1.099	0.978	25.07	23.83	0.03	-0.01	-0.04
Psco_751	3	MZ	31	0	98	0	0	0	314	412	1.043	0.983	24.19	24.02	0.01	-0.01	-0.02
Psco_847	3	MZ	27	1	78	1	0.427580566	0.077384307	323	401	1.263	0.989	26.54	23.33	0.07	0	-0.07
Psco_759	3	MZ	23	0	98	0	0	0	304	402	1.205	1.108	25.93	26.61	0.06	0.03	-0.03
Psco_855	3	MZ	23	0	98	0	0	0	304	402	1.283	0.882	26.96	24.48	0.08	-0.04	-0.11
Psco_767	3	MZ	39	0	98	0	0	0	321	419	1.107	0.776	25.63	22.83	0.03	-0.08	-0.11
Psco_775	3	MZ	27	1	73	1	0.551401793	0.090626867	323	396	0.997	0.917	25.09	23.5	0	-0.03	-0.03
Psco_871	3	MZ	26	0	98	1	0.140810576	0.115198341	323	421	0.987	0.66	24.72	22.33	0	-0.13	-0.13
Psco_783	3	MZ	36	1	68	1	0.389218876	0.185888291	307	375	1.203	1.26	26.34	25.26	0.06	0.07	0.02
Psco_879	3	MZ	32	0	98	0	0	0	314	412	1.188	0.8	26.96	23.61	0.05	-0.07	-0.12
Psco_791	3	MZ	36	0	98	0	0	0	307	405	0.511	0.478	20.2	19.34	-0.22	-0.25	-0.03
Psco_887	3	MZ	34	0	98	0	0	0	304	402	1.287	0.906	25.58	24.92	0.08	-0.03	-0.11
Psco_499	2	MZ	37	0	98	0	0	0	200	298	0.978	0.91	23.17	23.41	-0.01	-0.03	-0.02
Psco_595	2	MZ	39	0	98	0	0	0	206	304	1.048	1.033	24.02	23.45	0.01	0.01	0
Psco_507	2	TZ	42	0	98	1	0.380195877	0.093287468	185	283	0.808	0.776	22.39	21.26	-0.07	-0.08	-0.01
Psco_603	2	TZ	42	0	98	1	0.399458985	0.094795124	185	283	0.502	0.451	18.23	18.57	-0.24	-0.27	-0.04
Psco_515	2	TZ	46	1	74	1	0.296031564	0.090704094	160	234	0.581	0.417	20.74	18.36	-0.18	-0.3	-0.12
Psco_611	2	TZ	54	1	63	1	0.516374517	0.065953951	170	233	0.558	0.409	19.3	16.96	-0.2	-0.32	-0.12
Psco_523	2	TZ	51	0	98	1	0.219977065	0.031979913	159	257	0.664	0.657	21.12	22.2	-0.13	-0.14	0
Psco_619	2	MZ	32	1	65	1	0.676332758	0.106691383	199	264	1.232	0.863	25.96	22.26	0.06	-0.05	-0.11
Psco_531	2	TZ	50	0	98	0	0	0	172	270	0.549	0.641	18.69	19.88	-0.2	-0.15	0.06
Psco_627	2	TZ	42	1	65	1	0.335307877	0.233113046	185	250	0.583	0.408	18.84	18.24	-0.18	-0.31	-0.12
Psco_539	2	MZ	22	0	98	0	0	0	173	271	1.188	1.258	24.12	25.23	0.05	0.07	0.02
Psco_635	2	TZ	49	0	98	1	0.37585889	0.056559169	175	273	0.688	0.829	19.78	20.04	-0.13	-0.06	0.06
Psco_547	2	MZ	29	1	63	1	0.498555238	0.149536594	202	265	0.934	0.677	23.33	20.76	-0.02	-0.13	-0.11
Psco_643	2	MZ	40	1	63	1	0.497339154	0.063852058	202	265	1.062	0.587	24.78	21.98	0.02	-0.17	-0.19
Psco_555	2	MZ	25	0	98	0	0	0	208	306	1.103	0.901	22.47	22.91	0.03	-0.03	-0.06
Psco_651	2	MZ	31	0	98	0	0	0	199	297	1.122	1.088	24.55	23.38	0.04	0.03	-0.01
Psco_563	2	MZ	31	1	86	1	0.418681627	0.070691197	199	285	1.044	0.747	22.9	22.5	0.01	-0.09	-0.11
Psco_659	2	TZ	52	1	45	1	0.763670623	0.114201739	164	209	0.552	0.431	20.13	19.5	-0.2	-0.28	-0.09
Psco_571	2	TZ	51	1	54	1	0.62482694	0.136858398	159	213	0.656	0.394	20.77	19.76	-0.14	-0.31	-0.17
Psco_667	2	MZ	35	0	98	0	0	0	189	287	1.001	1.121	24.19	24.33	0	0.04	0.04
Psco_579	2	MZ	38	0	98	1	0.419542875	0.100005918	200	298	1.216	1.078	26.72	26.74	0.06	0.02	-0.04
Psco_675	2	MZ	35	1	75	1	0.507741732	0.076832633	189	264	1.098	0.71	23.82	23.23	0.03	-0.11	-0.14
Psco_587	2	TZ	42	1	58	1	0.554584942	0.115789603	185	243	0.759	0.686	22.44	19.28	-0.09	-0.13	-0.04
Psco_683	2	MZ	24	1	65	1	0.568820087	0.146885802	239	304	1.106	0.763	24.12	23.02	0.03	-0.09	-0.12
Psco_691	2	MZ	30	1	51	1	0.682936202	0.08694453	202	253	1.215	0.886	24.28	21.76	0.06	-0.04	-0.1
Psco_800	3	MZ	35	1	92	1	0.463203663	0.020739142	304	396	0.93	0.728	24.78	22.72	-0.02	-0.1	-0.08
Psco_699	2	TZ	44	1	62	1	0.418712377	0.09447373	173	235	0.571	0.446	20.42	18.93	-0.19	-0.27	-0.09
Psco_808	3	MZ	33	1	74	1	0.628773252	0.17268589	304	378	1.221	0.747	25.82	23.24	0.06	-0.09	-0.15
Psco_707	2	TZ	50	1	59	1	0.457785669	0.13668121	172	231	0.498	0.415	19.66	19.14	-0.23	-0.3	-0.06
Psco_816	3	MZ	37	0	98	1	0.043550273	0.04175738	315	413	1.202	0.885	24.78	24.64	0.06	-0.04	-0.1
Psco_715	2	TZ	48	1	48	1	0.16254462	0.117374539	173	221	0.564	0.493	20.11	18.34	-0.19	-0.24	-0.05
Psco_824	3	MZ	37	0	98	0	0	0	315	413	1.337	0.832	26.05	24.24	0.09	-0.06	-0.15
Psco_723	2	TZ	47	1	78	1	0.481214858	0.171355401	175	253	0.776	0.503	21.84	19.71	-0.08	-0.23	-0.15
Psco_832	3	MZ	30	0	98	0	0	0	317	415	1.224	0.906	25.53	23.8	0.06	-0.03	-0.09
Psco_840	3	MZ	23	1	73	1	0.508084415	0.108562958	304	377	1.376	1.283	28.55	26.17	0.1	0.08	-0.02
Psco_848	3	MZ	23	0	98	0	0	0	304	402	1.224	0.971	26.38	24.77	0.06	-0.01	-0.07
Psco_760	3	MZ	39	0	98	0	0	0	321	419	1.032	0.755	24.92	24.07	0.01	-0.09	-0.1
Psco_856	3	MZ	27	0	98	0	0	0	323	421	1.039	0.981	24.13	24.26	0.01	-0.01	-0.02
Psco_768	3	MZ	25	1	76	1	0.621436202	0.062846346	323	399	0.965	0.76	24.12	22.6	-0.01	-0.09	-0.08
Psco_864	3	MZ	23	0	98	0	0	0	304	402	1.364	1.256	27.23	28.25	0.09	0.07	-0.03
Psco_776	3	MZ	30	1	80	1	0.331233652	0.119392324	317	397	1.306	1.224	26.12	26.49	0.08	0.06	-0.02
Psco_872	3	MZ	24	0	98	0	0	0	354	452	1.134	0.816	25.9	24.29	0.04	-0.06	-0.1
Psco_784	3	MZ	26	0	98	1	0.053628762	0.041428514	323	421	1.235	0.985	26.13	23.49	0.06	0	-0.07
Psco_880	3	MZ	26	1	83	1	0.571495692	0.149532428	323	406	1.338	1.222	27.06	26.26	0.09	0.06	-0.03
Psco_792	3	MZ	25	1	63	1	0.487609283	0.104450534	323	386	1.302	0.517	25.27	24.88	0.08	-0.21	-0.29
Psco_888	3	MZ	31	1	74	1	0.3561366	0.082670889	314	388	0.945	0.734	24.83	23.44	-0.02	-0.1	-0.08
Psco_500	2	TZ	50	0	98	0	0	0	172	270	0.486	0.508	19.52	20.23	-0.24	-0.23	0.02
Psco_596	2	TZ	44	0	98	0	0	0	173	271	0.458	0.636	18.85	19.27	-0.27	-0.15	0.11
Psco_508	2	MZ	36	0	98	0	0	0	192	290	1.238	1.146	26.72	25.4	0.06	0.04	-0.02
Psco_604	2	MZ	22	1	56	1	0.68363629	0.110848376	173	229	1.118	0.883	24.3	22.31	0.03	-0.04	-0.08
Psco_516	2	MZ	26	0	98	0	0	0	208	306	1.303	1.123	24.71	24.78	0.08	0.04	-0.05
Psco_612	2	TZ	50	0	98	1	0.374586008	0.061511537	172	270	0.774	0.946	20.68	19.24	-0.08	-0.02	0.07
Psco_524	2	MZ	35	0	98	0	0	0	189	287	1.115	0.85	24.17	24.12	0.03	-0.05	-0.09
Psco_620	2	TZ	50	1	59	1	0.422853708	0.072480095	172	231	0.659	0.497	20.84	19.48	-0.14	-0.24	-0.1
Psco_532	2	MZ	31	0	98	0	0	0	199	297	1.219	1.525	24.22	25.68	0.06	0.13	0.07
Psco_628	2	TZ	50	0	98	1	0.305244597	0.083052216	172	270	0.521	0.561	19.04	18.73	-0.22	-0.2	0.02
Psco_540	2	TZ	49	1	63	1	0.677030189	0.056358254	175	238	0.619	0.46	21.25	19.85	-0.16	-0.26	-0.1
Psco_636	2	TZ	50	1	59	1	0.64791212	0.145205333	172	231	0.546	0.323	19.85	19.01	-0.2	-0.38	-0.18
Psco_548	2	TZ	50	1	65	1	0.447373182	0.043612582	172	237	0.586	0.439	20.41	18.3	-0.18	-0.28	-0.11
Psco_644	2	MZ	39	1	51	1	0.198457964	0.17959408	206	257	1.188	0.87	24.63	21.64	0.05	-0.05	-0.1
Psco_556	2	TZ	46	1	74	1	0.49903874	0.086641331	160	234	0.519	0.347	19.75	18.62	-0.22	-0.36	-0.14
Psco_652	2	MZ	35	1	77	1	0.418334529	0.054476655	189	266	1.073	0.763	24.9	22.74	0.02	-0.09	-0.11
Psco_564	2	TZ	53	0	98	1	0.258613413	0.350180741	161	259	0.52	0.443	19.07	18.32	-0.22	-0.28	-0.06
Psco_660	2	TZ	50	1	63	1	0.609365861	0.143504167	172	235	0.569	0.501	18.26	17.18	-0.19	-0.24	-0.05
Psco_572	2	TZ	50	1	80	1	0.227163846	0.054666504	172	252	0.469	0.401	18.49	18.05	-0.26	-0.32	-0.06
Psco_668	2	MZ	26	0	98	0	0	0	208	306	1.296	1.569	25.14	25.28	0.08	0.14	0.06
Psco_580	2	MZ	37	1	92	1	0.272863257	0.040643661	200	292	1.074	0.746	23.63	22.51	0.02	-0.09	-0.12
Psco_676	2	MZ	23	1	91	1	0.402735058	0.09123218	189	280	1.153	0.711	24.58	22.55	0.04	-0.11	-0.15
Psco_588	2	MZ	21	1	95	1	0.271430071	0.040013692	218	313	1.042	0.704	24.28	21.1	0.01	-0.12	-0.13
Psco_684	2	MZ	25	1	77	1	0.502218685	0.141152301	208	285	1.022	0.759	23.62	23.82	0.01	-0.09	-0.09
Psco_692	2	TZ	46	1	51	1	0.494250412	0.128228761	160	211	0.464	0.545	18.81	17.46	-0.26	-0.21	0.05
Psco_801	3	MZ	30	1	85	1	0.354398303	0.051001846	317	402	1.178	0.821	24.28	24.06	0.05	-0.06	-0.11
Psco_700	2	MZ	39	0	98	1	0.384640156	0.078568565	206	304	1.071	0.985	22.86	22.77	0.02	0	-0.03
Psco_809	3	MZ	24	0	98	1	0.048237543	0.027024901	354	452	0.937	0.777	25.65	23.06	-0.02	-0.08	-0.06
Psco_708	2	MZ	32	1	64	1	0.660242017	0.120862838	199	263	0.96	0.716	23.95	21.65	-0.01	-0.11	-0.1
Psco_817	3	MZ	29	0	98	0	0	0	317	415	1.169	0.93	26.26	22.75	0.05	-0.02	-0.07
Psco_716	2	TZ	52	1	52	1	0.55919807	0.052998774	164	216	0.585	0.412	19.47	18.62	-0.18	-0.3	-0.12
Psco_825	3	MZ	22	1	57	1	0.901733235	0.065121821	288	345	1.196	0.72	25.42	22.57	0.06	-0.11	-0.16
Psco_724	2	TZ	49	1	62	1	0.475377138	0.101676346	175	237	0.679	0.528	22.45	20.34	-0.12	-0.21	-0.09
Psco_833	3	MZ	38	0	98	0	0	0	315	413	1.216	0.79	26.15	23.41	0.06	-0.07	-0.13
Psco_745	3	MZ	33	0	98	0	0	0	304	402	0.877	0.689	24.04	23.43	-0.04	-0.12	-0.08
Psco_841	3	MZ	35	0	98	0	0	0	304	402	1.022	0.922	25.33	24.45	0.01	-0.03	-0.03
Psco_753	3	MZ	25	0	98	0	0	0	323	421	1.147	0.848	26.34	23.74	0.04	-0.05	-0.09
Psco_849	3	MZ	24	1	69	1	0.3227984	0.089825357	354	423	1.188	1.057	26.44	25.67	0.05	0.02	-0.04
Psco_761	3	MZ	23	0	98	1	0.30368046	0.103510422	304	402	1.144	1.227	26.14	26.78	0.04	0.06	0.02
Psco_857	3	MZ	21	0	98	0	0	0	333	431	1.089	1.035	26	24.75	0.03	0.01	-0.02
Psco_769	3	MZ	22	0	98	0	0	0	288	386	1.247	0.795	26.05	23.26	0.07	-0.07	-0.14
Psco_865	3	MZ	33	0	98	0	0	0	304	402	1.044	0.918	25.09	24.48	0.01	-0.03	-0.04
Psco_777	3	MZ	30	0	98	0	0	0	317	415	1.106	0.819	25.68	22.65	0.03	-0.06	-0.1
Psco_873	3	MZ	22	0	98	0	0	0	288	386	1.076	1.036	25.48	25.02	0.02	0.01	-0.01
Psco_785	3	MZ	25	0	98	0	0	0	323	421	1.317	1.199	25.58	25.12	0.08	0.06	-0.03
Psco_881	3	MZ	32	1	63	1	0.414135115	0.114505046	314	377	0.426	0.328	19.72	17.94	-0.29	-0.39	-0.1
Psco_793	3	MZ	30	1	70	1	0.477988027	0.061677712	317	387	1.114	1.117	25.49	26.12	0.03	0.03	0
Psco_889	3	MZ	29	0	98	0	0	0	317	415	1.15	0.837	26.33	23.58	0.04	-0.06	-0.1
Psco_501	2	TZ	50	0	98	1	0.596319991	0.080949242	172	270	0.577	0.578	19.31	18.75	-0.19	-0.19	0
Psco_597	2	MZ	37	0	98	1	0.352789052	0.27430105	200	298	1.247	1.319	25.64	26.38	0.07	0.08	0.02
Psco_509	2	MZ	35	0	98	0	0	0	189	287	0.965	1.097	23.96	23.2	-0.01	0.03	0.04
Psco_605	2	TZ	51	0	98	1	0.256901687	0.04108672	159	257	0.682	1.002	20.22	20.39	-0.13	0	0.13
Psco_517	2	MZ	24	0	98	0	0	0	239	337	1.049	0.937	24.18	23.35	0.02	-0.02	-0.04
Psco_613	2	MZ	22	1	67	1	0.806141682	0.216774286	173	240	1.31	1.144	25.78	22.47	0.08	0.04	-0.04
Psco_525	2	MZ	30	0	98	0	0	0	202	300	1.064	0.991	24.17	25.57	0.02	0	-0.02
Psco_621	2	TZ	44	1	68	1	0.356563502	0.073714532	173	241	0.682	0.407	19.68	18.16	-0.13	-0.31	-0.18
Psco_533	2	TZ	49	1	71	1	0.334008996	0.07895311	175	246	0.757	0.541	22.63	19.85	-0.09	-0.21	-0.12
Psco_629	2	MZ	40	1	64	1	0.696233069	0.175498158	202	266	0.927	0.533	23.36	21.67	-0.02	-0.2	-0.18
Psco_541	2	MZ	26	1	71	1	0.46354026	0.050145301	208	279	1.186	0.903	23	22.73	0.05	-0.03	-0.09
Psco_637	2	TZ	42	0	98	0	0	0	185	283	0.515	0.718	19.96	19.29	-0.22	-0.11	0.11
Psco_549	2	MZ	33	1	51	1	0.496439064	0.033369656	189	240	1.025	0.9	24.3	22.89	0.01	-0.03	-0.04
Psco_645	2	TZ	50	1	59	1	0.430534067	0.066690708	172	231	0.457	0.228	18.25	17.38	-0.27	-0.52	-0.25
Psco_557	2	TZ	45	1	47	1	0.509186364	0.103334281	182	229	0.726	0.477	20.66	18.72	-0.11	-0.25	-0.15
Psco_653	2	TZ	50	1	45	1	0.828023359	0.169320573	172	217	0.565	0.383	19.65	18.92	-0.19	-0.33	-0.13
Psco_565_2	2	MZ	21	0	98	0	0	0	218	316	1.073	1.156	24.66	24.46	0.02	0.05	0.02
Psco_661	2	MZ	29	1	60	1	0.738452912	0.191192155	202	262	1.125	0.956	24.81	23.53	0.04	-0.01	-0.05
Psco_573	2	MZ	30	1	70	1	0.468963345	0.173138164	202	272	1.215	0.739	25.5	21.97	0.06	-0.1	-0.16
Psco_669	2	MZ	26	0	98	0	0	0	208	306	1.262	1.149	25.37	24.7	0.07	0.04	-0.03
Psco_581	2	MZ	21	0	98	0	0	0	218	316	1.132	1.118	24.09	25.6	0.04	0.03	0
Psco_677	2	MZ	23	1	77	1	0.339922428	0.079922791	189	266	1.261	0.956	24.24	23.15	0.07	-0.01	-0.09
Psco_589	2	MZ	39	0	98	0	0	0	206	304	0.906	1.154	22.65	23.25	-0.03	0.05	0.08
Psco_685	2	MZ	39	1	81	1	0.310363096	0.064918299	206	287	0.991	0.844	24.07	21.91	0	-0.05	-0.05
Psco_693	2	MZ	28	1	63	1	0.359964692	0.207949793	242	305	1.272	0.915	26.92	22.14	0.07	-0.03	-0.1
Psco_802	3	MZ	35	0	98	0	0	0	304	402	0.897	0.771	24.12	22.58	-0.03	-0.08	-0.05
Psco_701	2	TZ	44	1	44	1	0.540457343	0.150859511	173	217	0.564	0.814	19.77	17.61	-0.19	-0.07	0.12
Psco_810	3	MZ	24	1	72	1	0.734155929	0.098113986	354	426	1.18	0.957	25.46	23.91	0.05	-0.01	-0.06
Psco_709	2	TZ	46	1	59	1	0.444723897	0.139814442	160	219	0.55	0.547	19.23	18.95	-0.2	-0.21	0
Psco_818	3	MZ	37	0	98	1	0.262849404	0.048386649	315	413	0.55	0.45	20.68	19.64	-0.2	-0.27	-0.07
Psco_717	2	TZ	54	1	51	1	0.247473046	0.189323136	170	221	0.557	0.624	20.5	17.91	-0.19	-0.16	0.03
Psco_826	3	MZ	31	0	98	0	0	0	314	412	1.057	1.017	24.92	24.6	0.02	0.01	-0.01
Psco_725_2	2	TZ	42	1	82	1	0.402655727	0.083831491	185	267	0.52	0.446	19.39	17.35	-0.22	-0.28	-0.06
Psco_834	3	MZ	33	0	98	0	0	0	304	402	0.745	0.497	22.95	21.78	-0.09	-0.23	-0.13
Psco_746	3	MZ	37	0	98	0	0	0	315	413	0.478	0.465	19.51	18.57	-0.25	-0.26	-0.01
Psco_842	3	MZ	39	0	98	0	0	0	321	419	1.01	0.805	24.21	23.16	0	-0.07	-0.07
Psco_754	3	MZ	25	0	98	0	0	0	323	421	0.964	0.834	24.72	22.82	-0.01	-0.06	-0.05
Psco_850	3	MZ	34	0	98	0	0	0	304	402	0.971	0.676	24.71	22.54	-0.01	-0.13	-0.12
Psco_858	3	MZ	30	0	98	1	0.150583152	0.042917923	317	415	1.172	1.096	25.86	25.16	0.05	0.03	-0.02
Psco_770	3	MZ	35	0	98	0	0	0	304	402	0.894	0.695	24.88	23.57	-0.03	-0.12	-0.08
Psco_866	3	MZ	28	0	98	0	0	0	357	455	1.164	0.778	26.5	23.83	0.05	-0.08	-0.13
Psco_778	3	MZ	31	0	98	1	0.272722051	0.04450712	314	412	1.039	0.758	24.51	22.13	0.01	-0.09	-0.1
Psco_874	3	MZ	21	0	98	0	0	0	333	431	1.145	0.96	26.19	25.75	0.04	-0.01	-0.05
Psco_786	3	MZ	40	1	51	1	0.55081279	0.115561957	317	368	1.082	0.828	25.3	23.01	0.02	-0.06	-0.08
Psco_882	3	MZ	32	0	98	0	0	0	314	412	1.09	1.13	25.26	25.85	0.03	0.04	0.01
Psco_794	3	MZ	39	0	98	0	0	0	321	419	1.161	0.893	24.58	24.29	0.05	-0.04	-0.08
Psco_890	3	MZ	24	1	60	1	0.306285052	0.193999031	354	414	1.297	1.075	26.24	24.11	0.08	0.02	-0.06
Psco_502	2	MZ	34	0	98	1	0.522732164	0.13023211	189	287	0.962	0.857	24.3	22.34	-0.01	-0.05	-0.04
Psco_598	2	TZ	48	0	98	1	0.144429697	0.074840411	173	271	0.691	0.654	20.18	19.13	-0.12	-0.14	-0.02
Psco_510	2	TZ	53	0	98	1	0.042236806	0.047588224	161	259	0.469	0.536	18.87	19.28	-0.26	-0.21	0.05
Psco_606	2	TZ	48	0	98	0	0	0	173	271	0.69	0.61	20.44	20.55	-0.12	-0.16	-0.04
Psco_518	2	MZ	27	1	94	1	0.515586661	0.068964593	208	302	0.955	0.839	22.54	20.99	-0.01	-0.06	-0.04
Psco_614	2	TZ	54	1	51	1	0.67262379	0.227156491	170	221	0.575	0.584	20.17	18.12	-0.18	-0.19	0
Psco_526	2	TZ	49	0	98	0	0	0	175	273	0.518	0.55	19.18	19.57	-0.22	-0.2	0.02
Psco_622	2	MZ	24	1	52	1	0.734248352	0.037582117	239	291	1.139	0.835	24.13	22.96	0.04	-0.06	-0.1
Psco_534	2	MZ	24	0	98	0	0	0	239	337	1.042	1.319	23.94	23.96	0.01	0.09	0.07
Psco_630	2	TZ	41	1	58	1	0.590781692	0.113716608	146	204	1.031	0.746	23.38	20.71	0.01	-0.1	-0.11
Psco_542	2	MZ	29	1	65	1	0.572158831	0.059001597	202	267	0.942	0.792	24.72	21.48	-0.02	-0.08	-0.06
Psco_638	2	MZ	23	1	89	1	0.310887285	0.107554287	189	278	1.367	0.839	27.21	24.08	0.09	-0.06	-0.15
Psco_550	2	TZ	50	1	79	1	0.409255258	0.033666434	172	251	0.522	0.392	19.26	17.36	-0.22	-0.33	-0.11
Psco_646	2	MZ	33	1	44	1	0.469129971	0.153235731	189	233	0.98	0.739	23.34	21.6	-0.01	-0.1	-0.09
Psco_558	2	MZ	33	1	73	1	0.409865023	0.061697133	189	262	1.049	0.836	23.91	23.34	0.02	-0.06	-0.07
Psco_654	2	MZ	40	1	71	1	0.495267621	0.069213411	202	273	1.059	0.736	24.7	22.66	0.02	-0.1	-0.12
Psco_566	2	TZ	48	1	63	1	0.335497859	0.148999306	173	236	0.609	0.385	20.27	18.6	-0.16	-0.33	-0.16
Psco_662	2	TZ	42	1	76	1	0.572257199	0.205377605	185	261	0.674	0.485	20.9	19.6	-0.13	-0.24	-0.11
Psco_574	2	TZ	49	1	65	1	0.615848241	0.128503186	175	240	0.624	0.419	20.62	19.22	-0.16	-0.29	-0.14
Psco_670	2	TZ	46	1	62	1	0.566771829	0.147857672	160	222	0.463	0.351	18.84	17.17	-0.26	-0.37	-0.11
Psco_582	2	TZ	50	1	81	1	0.317955002	0.169698586	172	253	0.558	0.377	19.81	17.28	-0.2	-0.34	-0.15
Psco_678	2	MZ	29	1	64	1	0.371563339	0.065603173	202	266	1.069	0.77	24.47	21.32	0.02	-0.09	-0.11
Psco_590	2	TZ	49	1	67	1	0.433027004	0.066531904	175	242	0.679	0.717	20.28	18.94	-0.13	-0.11	0.02
Psco_686	2	MZ	35	1	63	1	0.535216481	0.139121486	189	252	1.036	0.727	23.98	21.96	0.01	-0.1	-0.11
Psco_694	2	TZ	49	0	98	1	0.3071417	0.043219058	175	273	0.599	0.62	20.62	18.43	-0.17	-0.16	0.01
Psco_803	3	MZ	28	0	98	0	0	0	357	455	1.31	0.914	26.31	24.21	0.08	-0.03	-0.11
Psco_702	2	TZ	42	0	98	1	0.347937552	0.082764134	185	283	0.349	0.69	17.28	16.6	-0.37	-0.13	0.24
Psco_811	3	MZ	31	0	98	0	0	0	314	412	1.065	1.088	25.12	24.75	0.02	0.03	0.01
Psco_710	2	MZ	35	1	35	1	-0.584193613	0.14745308	189	224	0.767	0.721	22.39	20.42	-0.09	-0.11	-0.02
Psco_819	3	MZ	40	0	98	0	0	0	317	415	1.124	0.907	24.93	23.95	0.04	-0.03	-0.07
Psco_718	2	TZ	53	1	82	1	0.449416959	0.051245008	161	243	0.49	0.466	19.34	17.96	-0.24	-0.26	-0.02
Psco_827	3	MZ	25	0	98	1	0.104011481	0.033747422	323	421	0.987	0.74	24.33	23.57	0	-0.1	-0.09
Psco_726	2	TZ	42	1	63	1	0.461358079	0.09843862	185	248	0.712	0.522	20.71	20.37	-0.11	-0.22	-0.1
Psco_835	3	MZ	27	1	58	1	0.27409288	0.172694282	323	381	1.125	0.889	25.65	23.87	0.04	-0.04	-0.07
Psco_747	3	MZ	29	0	98	0	0	0	317	415	1.153	1.162	25.45	25.24	0.04	0.05	0
Psco_843	3	MZ	28	1	65	1	0.537185968	0.064560013	357	422	1.39	1.317	28.6	26.91	0.1	0.08	-0.01
Psco_755	3	MZ	33	1	95	1	0.175558048	0.055856461	304	399	0.759	0.679	21.94	21.13	-0.09	-0.13	-0.04
Psco_851	3	MZ	37	0	98	0	0	0	315	413	1.224	0.89	26.42	24.19	0.06	-0.04	-0.1
Psco_763	3	MZ	39	0	98	0	0	0	321	419	1.063	0.861	25.46	23.4	0.02	-0.05	-0.07
Psco_859	3	MZ	34	0	98	0	0	0	304	402	0.489	0.38	19.33	17.72	-0.24	-0.34	-0.1
Psco_771	3	MZ	37	0	98	1	0.18957451	0.090694288	315	413	1.317	1.14	25.39	25.36	0.09	0.04	-0.04
Psco_867	3	MZ	35	0	98	0	0	0	304	402	0.582	0.419	21.87	19.68	-0.18	-0.29	-0.12
Psco_779	3	MZ	27	1	84	1	0.451250202	0.106413689	323	407	1.31	1.231	26.64	25.11	0.08	0.06	-0.02
Psco_875	3	MZ	29	1	91	1	0.425088905	0.098974125	317	408	1.068	0.494	26.18	24.33	0.02	-0.22	-0.24
Psco_787	3	MZ	33	0	98	1	0.071700087	0.098626867	304	402	0.938	0.795	25.68	24.59	-0.02	-0.07	-0.05
Psco_883	3	MZ	40	1	74	1	0.390308743	0.078645701	317	391	0.888	0.651	23.86	22.79	-0.04	-0.14	-0.1
Psco_795	3	MZ	22	0	98	0	0	0	288	386	1.08	0.88	25.06	23	0.02	-0.04	-0.06
Psco_891	3	MZ	35	0	98	0	0	0	304	402	1.046	0.739	25.04	23.76	0.01	-0.1	-0.11
Psco_503	2	MZ	22	0	98	0	0	0	173	271	1.032	1.156	23.41	23.4	0.01	0.05	0.04
Psco_599	2	TZ	52	0	98	0	0	0	164	262	0.581	0.702	19.8	20.04	-0.18	-0.12	0.06
Psco_511	2	TZ	49	1	67	1	0.419569416	0.124418022	175	242	0.577	0.756	19.45	18.73	-0.19	-0.1	0.09
Psco_607	2	MZ	30	0	98	0	0	0	202	300	1.033	0.624	24.78	23.89	0.01	-0.15	-0.16
Psco_519	2	MZ	35	1	76	1	0.361641389	0.050412317	189	265	1.012	1.027	24	23.42	0	0.01	0
Psco_615	2	TZ	46	1	70	1	0.366758571	0.113913207	160	230	0.512	0.39	19.45	17.52	-0.23	-0.33	-0.1
Psco_527	2	MZ	38	0	98	0	0	0	200	298	1.214	1.086	25.24	25.52	0.06	0.03	-0.03
Psco_623	2	MZ	35	1	71	1	0.677491811	0.113704127	189	260	1.102	0.715	23.68	21.36	0.03	-0.11	-0.14
Psco_535	2	MZ	32	1	49	1	0.53995774	0.145598463	199	248	1.042	0.886	25.28	22.46	0.01	-0.04	-0.05
Psco_631	2	TZ	54	1	67	1	0.46269913	0.078054762	170	237	0.618	0.883	20.15	18.95	-0.16	-0.04	0.12
Psco_543	2	MZ	36	1	63	1	0.74797015	0.103168098	192	255	1.248	0.833	25.43	21.72	0.07	-0.06	-0.13
Psco_639	2	TZ	51	0	98	1	0.249873896	0.033319687	159	257	0.633	0.55	21	19.06	-0.15	-0.2	-0.05
Psco_551	2	MZ	40	1	63	1	0.459492661	0.116513815	202	265	1.104	0.746	24.3	21.7	0.03	-0.1	-0.13
Psco_647	2	MZ	31	1	68	1	0.574202668	0.14321765	199	267	1.079	0.796	23.27	21.83	0.02	-0.07	-0.1
Psco_559	2	TZ	50	1	77	1	0.557449874	0.185029899	172	249	0.563	0.434	20.09	17.93	-0.19	-0.29	-0.1
Psco_655	2	MZ	32	1	71	1	0.448117368	0.157652329	199	270	1.244	0.903	25.03	22.3	0.07	-0.03	-0.1
Psco_567	2	TZ	42	1	48	1	0.517454163	0.074945967	185	233	0.616	0.379	20.79	18.36	-0.16	-0.33	-0.17
Psco_663	2	TZ	50	1	65	1	0.346343332	0.126118484	172	237	0.483	0.339	18.8	17.1	-0.25	-0.38	-0.13
Psco_575	2	MZ	38	0	98	0	0	0	200	298	1.117	1.022	23.1	24.35	0.04	0.01	-0.03
Psco_671	2	TZ	52	1	74	1	0.461226424	0.110937663	164	238	0.546	0.446	19.74	18.64	-0.2	-0.28	-0.07
Psco_583	2	TZ	48	0	98	0	0	0	173	271	0.549	0.797	20.17	20.35	-0.2	-0.08	0.12
Psco_679	2	MZ	21	0	98	0	0	0	218	316	1.16	1.081	24.79	24.85	0.05	0.02	-0.02
Psco_591	2	MZ	21	1	67	1	0.528032811	0.051183959	218	285	0.958	0.609	21.58	21.32	-0.01	-0.16	-0.15
Psco_687	2	MZ	31	0	98	0	0	0	199	297	1.003	1.21	23.78	24.2	0	0.06	0.06
Psco_695	2	TZ	50	1	80	1	0.227657276	0.075349791	172	252	0.427	0.369	18.23	17.47	-0.29	-0.35	-0.06
Psco_804	3	MZ	35	0	98	0	0	0	304	402	0.955	0.628	24.17	21.66	-0.01	-0.15	-0.14
Psco_703	2	MZ	38	1	65	1	0.470928871	0.115536424	200	265	1.185	0.859	24.05	23.92	0.05	-0.05	-0.1
Psco_812	3	MZ	37	1	64	1	0.549768429	0.044470463	315	379	1.173	1.028	26.22	25.51	0.05	0.01	-0.04
Psco_711	2	TZ	44	1	63	1	0.269029322	0.173711482	173	236	0.735	0.515	21.52	19.12	-0.1	-0.22	-0.12
Psco_820	3	MZ	35	1	65	1	0.639021797	0.159447288	304	369	0.955	0.561	25.21	18.96	-0.01	-0.2	-0.18
Psco_719	2	MZ	23	1	49	1	0.945675762	0.237013042	189	238	1.246	0.751	26.08	22.63	0.07	-0.09	-0.16
Psco_828	3	MZ	31	1	63	1	0.641727125	0.226274877	314	377	1.077	0.76	24.21	23.65	0.02	-0.09	-0.11
Psco_727	2	TZ	54	0	98	0	0	0	170	268	0.412	0.648	18.8	18.31	-0.3	-0.15	0.15
Psco_836	3	MZ	22	0	98	0	0	0	288	386	1.21	0.955	27.11	24.26	0.06	-0.01	-0.07
Psco_748	3	MZ	31	1	63	1	0.388245179	0.175275231	314	377	0.987	0.681	24.11	22.58	0	-0.12	-0.12
Psco_756	3	MZ	22	0	98	1	0.26424294	0.059481852	288	386	1.19	0.852	25.33	23.11	0.05	-0.05	-0.1
Psco_852	3	MZ	36	1	63	1	0.571016516	0.164764343	307	370	1.519	1.209	27.39	26.51	0.13	0.06	-0.07
Psco_860	3	MZ	24	0	98	0	0	0	354	452	1.369	0.958	26.69	23.93	0.1	-0.01	-0.11
Psco_772	3	MZ	29	1	69	1	0.35794567	0.105590482	317	386	1.239	1.208	25.8	25.75	0.07	0.06	-0.01
Psco_868	3	MZ	24	1	80	1	0.466576109	0.064553499	354	434	1.319	1.028	26.65	25.64	0.08	0.01	-0.08
Psco_780	3	MZ	38	0	98	1	-0.018933002	0.043296851	315	413	1.194	0.816	26.46	22.52	0.05	-0.07	-0.12
Psco_876	3	MZ	27	0	98	0	0	0	323	421	1.059	0.661	24.82	21.38	0.02	-0.14	-0.15
Psco_788	3	MZ	28	1	57	1	0.635938933	0.085940682	357	414	1.296	0.988	26.51	25.17	0.08	0	-0.08
Psco_884	3	MZ	38	0	98	0	0	0	315	413	1.296	0.839	27.7	24.08	0.08	-0.06	-0.13
Psco_796	3	MZ	33	0	98	0	0	0	304	402	1.039	0.71	24.88	22.57	0.01	-0.11	-0.12
Psco_892	3	MZ	31	0	98	1	0.435845034	0.043047914	314	412	1.175	0.83	25.29	23.13	0.05	-0.06	-0.11