                              Id         Gender   SelCriterion AvgCoancestryA AvgCoancestryC   Contribution  nContribution
Psco_920                                      1       -2.33941       -0.00000       -0.00119        0.01500              3
Psco_499                                      1        7.23321        0.00000        0.00196        0.01500              3
Psco_467                                      1        0.05231       -0.00000        0.00591        0.01000              2
Psco_341                                      1       -0.84781       -0.00000       -0.00173        0.01000              2
Psco_286                                      1       -3.80123        0.00000        0.00101        0.01000              2
Psco_141                                      1        8.00797        0.00000        0.00264        0.01000              2
Psco_303                                      1       -2.66659       -0.00000        0.00010        0.01000              2
Psco_446                                      1        8.11091       -0.00000        0.00388        0.01000              2
Psco_1006                                     1        4.60988        0.00000        0.00001        0.01000              2
Psco_508                                      1        6.55579       -0.00000        0.00286        0.01000              2
Psco_580                                      1        4.28015        0.00000        0.00282        0.01000              2
Psco_669                                      1        5.30613       -0.00000        0.00023        0.01000              2
Psco_693                                      1      -10.55528        0.00000       -0.00304        0.01000              2
Psco_518                                      1        1.48653       -0.00000       -0.00171        0.01000              2
Psco_551                                      1       -3.34112       -0.00000        0.00341        0.01000              2
Psco_647                                      1       -0.26428       -0.00000       -0.00325        0.01000              2
Psco_167                                      1       -0.11748       -0.00000        0.00620        0.00500              1
Psco_192                                      1       -3.29683       -0.00000        0.00546        0.00500              1
Psco_193                                      1       -1.61165        0.00000        0.00311        0.00500              1
Psco_201                                      1       -3.27403       -0.00000        0.00593        0.00500              1
Psco_209                                      1       -6.30059        0.00000       -0.00098        0.00500              1
Psco_275                                      1       -0.92757       -0.00000        0.00208        0.00500              1
Psco_283                                      1       -2.24423       -0.00000        0.00192        0.00500              1
Psco_299                                      1       -5.92606       -0.00000        0.00150        0.00500              1
Psco_218                                      1      -12.11387       -0.00000       -0.00263        0.00500              1
Psco_419                                      1        4.44782       -0.00000       -0.00039        0.00500              1
Psco_443                                      1        0.80624       -0.00000        0.00538        0.00500              1
Psco_451                                      1       -6.06257       -0.00000       -0.00055        0.00500              1
Psco_147                                      1       -8.23319       -0.00000        0.00500        0.00500              1
Psco_155                                      1       -2.47408       -0.00000        0.00604        0.00500              1
Psco_171                                      1       -3.55764       -0.00000        0.00412        0.00500              1
Psco_179                                      1       -2.65675       -0.00000       -0.00215        0.00500              1
Psco_373                                      1       -1.10048        0.00000        0.00211        0.00500              1
Psco_381                                      1       -1.96495       -0.00000        0.00635        0.00500              1
Psco_196                                      1       -2.32827       -0.00000        0.00035        0.00500              1
Psco_270                                      1       -4.99383        0.00000        0.00006        0.00500              1
Psco_493                                      1        0.30008       -0.00000       -0.00214        0.00500              1
Psco_438                                      1       -4.24045       -0.00000       -0.00331        0.00500              1
Psco_280                                      1       -2.30976       -0.00000        0.00587        0.00500              1
Psco_312                                      1       -6.95336        0.00000        0.00074        0.00500              1
Psco_431                                      1        2.93421       -0.00000       -0.00053        0.00500              1
Psco_376                                      1       -4.50476       -0.00000        0.00389        0.00500              1
Psco_1022                                     1       -0.88921       -0.00000       -0.00129        0.00500              1
Psco_966                                      1        4.03273        0.00000        0.00219        0.00500              1
Psco_927                                      1        3.42636       -0.00000        0.00347        0.00500              1
Psco_1000                                     1       -5.82605        0.00000        0.00485        0.00500              1
Psco_976                                      1       -2.51363       -0.00000        0.00408        0.00500              1
Psco_994                                      1        0.13770       -0.00000        0.00642        0.00500              1
Psco_1026                                     1       -3.08031       -0.00000       -0.00109        0.00500              1
Psco_1003                                     1       -3.10313        0.00000        0.00369        0.00500              1
Psco_955                                      1       -2.11695        0.00000        0.00310        0.00500              1
Psco_916                                      1        3.56665        0.00000        0.00472        0.00500              1
Psco_988                                      1       -3.83076       -0.00000       -0.00119        0.00500              1
Psco_1005                                     1       -2.95163        0.00000       -0.00266        0.00500              1
Psco_552                                      1        6.36646       -0.00000       -0.00005        0.00500              1
Psco_576                                      1        5.90196        0.00000        0.00425        0.00500              1
Psco_712                                      1        0.17791       -0.00000       -0.00283        0.00500              1
Psco_837                                      1        1.44981       -0.00000       -0.00292        0.00500              1
Psco_689                                      1       -0.52209       -0.00000       -0.00142        0.00500              1
Psco_713                                      1        5.38083        0.00000        0.00359        0.00500              1
Psco_886                                      1       -0.18038       -0.00000        0.00001        0.00500              1
Psco_506                                      1       -1.96002       -0.00000       -0.00347        0.00500              1
Psco_514                                      1        3.34343        0.00000       -0.00220        0.00500              1
Psco_682                                      1       -0.13009        0.00000       -0.00076        0.00500              1
Psco_839                                      1        2.38478       -0.00000       -0.00032        0.00500              1
Psco_555                                      1        4.68037       -0.00000       -0.00281        0.00500              1
Psco_579                                      1        5.77894       -0.00000        0.00382        0.00500              1
Psco_683                                      1       -5.68940       -0.00000       -0.00072        0.00500              1
Psco_840                                      1        3.66905        0.00000        0.00291        0.00500              1
Psco_768                                      1       -1.64287       -0.00000       -0.00240        0.00500              1
Psco_516                                      1        4.59407        0.00000       -0.00048        0.00500              1
Psco_873                                      1        3.77040       -0.00000        0.00365        0.00500              1
Psco_793                                      1       -0.18807        0.00000        0.00424        0.00500              1
Psco_597                                      1        4.56892        0.00000        0.00377        0.00500              1
Psco_754                                      1        2.95137       -0.00000        0.00388        0.00500              1
Psco_882                                      1        2.21988       -0.00000        0.00072        0.00500              1
Psco_890                                      1       -8.86672       -0.00000       -0.00075        0.00500              1
Psco_558                                      1        1.99680       -0.00000       -0.00079        0.00500              1
Psco_779                                      1       -0.96653        0.00000        0.00322        0.00500              1
Psco_607                                      1       -1.04508        0.00000        0.00439        0.00500              1
Psco_852                                      1        0.43438       -0.00000       -0.00055        0.00500              1
Psco_772                                      1       -3.70064       -0.00000        0.00465        0.00500              1
Psco_119                                      2       -8.34848       -0.00000       -0.00135        0.00500              1
Psco_143                                      2       -8.88191       -0.00000       -0.00322        0.00500              1
Psco_248                                      2        2.07406       -0.00000       -0.00184        0.00500              1
Psco_281                                      2       -2.10364       -0.00000       -0.00161        0.00500              1
Psco_393                                      2       -9.28992       -0.00000        0.00319        0.00500              1
Psco_416                                      2       -2.04579       -0.00000        0.00576        0.00500              1
Psco_432                                      2       -2.60041        0.00000        0.00239        0.00500              1
Psco_464                                      2       -3.33179       -0.00000        0.00487        0.00500              1
Psco_472                                      2       -0.29385        0.00000       -0.00003        0.00500              1
Psco_480                                      2       -2.22236       -0.00000       -0.00309        0.00500              1
Psco_112                                      2       -3.08339       -0.00000        0.00320        0.00500              1
Psco_144                                      2       -4.29287       -0.00000       -0.00215        0.00500              1
Psco_417                                      2       -0.26636        0.00000        0.00001        0.00500              1
Psco_441                                      2      -11.76350       -0.00000       -0.00334        0.00500              1
Psco_473                                      2        6.52566       -0.00000        0.00299        0.00500              1
Psco_121                                      2        8.38841       -0.00000        0.00249        0.00500              1
Psco_153                                      2       -0.91723       -0.00000       -0.00155        0.00500              1
Psco_169                                      2        0.69501        0.00000        0.00173        0.00500              1
Psco_490                                      2        2.19715       -0.00000       -0.00076        0.00500              1
Psco_114                                      2       -4.78097       -0.00000        0.00001        0.00500              1
Psco_130                                      2        3.08549       -0.00000       -0.00161        0.00500              1
Psco_251                                      2       -3.04286       -0.00000        0.00033        0.00500              1
Psco_284                                      2       -3.47371       -0.00000        0.00514        0.00500              1
Psco_308                                      2       -2.43210       -0.00000        0.00199        0.00500              1
Psco_324                                      2       -3.59380        0.00000        0.00300        0.00500              1
Psco_348                                      2        2.54974       -0.00000       -0.00246        0.00500              1
Psco_211                                      2       -5.83404        0.00000        0.00382        0.00500              1
Psco_243                                      2        2.28489       -0.00000       -0.00285        0.00500              1
Psco_412                                      2        1.41254       -0.00000        0.00341        0.00500              1
Psco_108                                      2       -3.07535       -0.00000        0.00020        0.00500              1
Psco_164                                      2        1.17739       -0.00000        0.00590        0.00500              1
Psco_205                                      2        4.78503       -0.00000        0.00144        0.00500              1
Psco_213                                      2       -2.46444       -0.00000        0.00541        0.00500              1
Psco_229                                      2       -6.99718       -0.00000        0.00417        0.00500              1
Psco_237                                      2       -3.89283       -0.00000       -0.00117        0.00500              1
Psco_478                                      2        0.58729       -0.00000        0.00363        0.00500              1
Psco_118                                      2        2.73915        0.00000       -0.00252        0.00500              1
Psco_447                                      2        5.08015        0.00000        0.00249        0.00500              1
Psco_455                                      2       -0.01467       -0.00000        0.00311        0.00500              1
Psco_479                                      2       -2.22056       -0.00000        0.00038        0.00500              1
Psco_910                                      2       -2.33999        0.00000        0.00250        0.00500              1
Psco_1014                                     2       -1.40606       -0.00000        0.00361        0.00500              1
Psco_1046                                     2       -1.82727        0.00000        0.00305        0.00500              1
Psco_1054                                     2       -1.51423       -0.00000       -0.00038        0.00500              1
Psco_991                                      2       -1.11224       -0.00000        0.00306        0.00500              1
Psco_943                                      2        5.17163       -0.00000        0.00318        0.00500              1
Psco_1055                                     2       -6.99858       -0.00000        0.00340        0.00500              1
Psco_912                                      2        1.82480       -0.00000        0.00276        0.00500              1
Psco_1016                                     2        0.97485       -0.00000        0.00467        0.00500              1
Psco_936                                      2        5.59726        0.00000        0.00354        0.00500              1
Psco_921                                      2       -4.22338       -0.00000       -0.00001        0.00500              1
Psco_985                                      2       -3.00736       -0.00000       -0.00182        0.00500              1
Psco_1034                                     2       -1.65374       -0.00000       -0.00180        0.00500              1
Psco_962                                      2        4.11483       -0.00000       -0.00036        0.00500              1
Psco_995                                      2       -1.45778        0.00000       -0.00200        0.00500              1
Psco_931                                      2        2.65309       -0.00000       -0.00073        0.00500              1
Psco_963                                      2       -2.37587        0.00000       -0.00054        0.00500              1
Psco_996                                      2       -4.15694        0.00000       -0.00125        0.00500              1
Psco_956                                      2       -0.80652        0.00000       -0.00154        0.00500              1
Psco_997                                      2        1.81543       -0.00000        0.00393        0.00500              1
Psco_320                                      2       -2.53584        0.00000       -0.00239        0.00500              1
Psco_496                                      2        0.01526       -0.00000        0.00629        0.00500              1
Psco_536                                      2       -1.71753       -0.00000       -0.00256        0.00500              1
Psco_640                                      2        2.73402       -0.00000       -0.00010        0.00500              1
Psco_672                                      2      -11.71210        0.00000       -0.00341        0.00500              1
Psco_829                                      2        1.96077       -0.00000       -0.00073        0.00500              1
Psco_845                                      2        4.47427       -0.00000       -0.00030        0.00500              1
Psco_765                                      2       -3.40416       -0.00000        0.00544        0.00500              1
Psco_869                                      2        0.64652       -0.00000        0.00303        0.00500              1
Psco_593                                      2        0.99071       -0.00000       -0.00047        0.00500              1
Psco_553                                      2       -1.38798       -0.00000       -0.00014        0.00500              1
Psco_585                                      2        7.85518       -0.00000        0.00312        0.00500              1
Psco_814                                      2        8.22490        0.00000        0.00085        0.00500              1
Psco_758                                      2        0.35419       -0.00000       -0.00138        0.00500              1
Psco_498                                      2       -0.06725       -0.00000        0.00230        0.00500              1
Psco_602                                      2        2.27690       -0.00000        0.00401        0.00500              1
Psco_610                                      2       -2.89094        0.00000        0.00291        0.00500              1
Psco_634                                      2       -3.19152        0.00000        0.00385        0.00500              1
Psco_642                                      2        1.60881       -0.00000        0.00367        0.00500              1
Psco_666                                      2       -1.66516       -0.00000        0.00216        0.00500              1
Psco_586                                      2        1.08409       -0.00000        0.00441        0.00500              1
Psco_690                                      2       -5.59657       -0.00000        0.00114        0.00500              1
Psco_831                                      2       -1.60014       -0.00000        0.00430        0.00500              1
Psco_539                                      2        4.72569        0.00000        0.00419        0.00500              1
Psco_643                                      2       -6.91966       -0.00000        0.00202        0.00500              1
Psco_651                                      2        0.82051       -0.00000       -0.00192        0.00500              1
Psco_667                                      2        3.22812       -0.00000        0.00285        0.00500              1
Psco_675                                      2        1.44369       -0.00000        0.00111        0.00500              1
Psco_808                                      2       -0.41040       -0.00000        0.00291        0.00500              1
Psco_644                                      2       -0.80021        0.00000        0.00315        0.00500              1
Psco_588                                      2       -0.73505       -0.00000        0.00282        0.00500              1
Psco_565_2                                    2       -0.77738       -0.00000        0.00268        0.00500              1
Psco_661                                      2       -7.57326       -0.00000        0.00280        0.00500              1
Psco_810                                      2       -0.10951        0.00000        0.00394        0.00500              1
Psco_794                                      2        2.28090       -0.00000       -0.00172        0.00500              1
Psco_646                                      2       -6.50550       -0.00000       -0.00151        0.00500              1
Psco_686                                      2       -0.32250       -0.00000        0.00088        0.00500              1
Psco_747                                      2       -2.66015       -0.00000        0.00288        0.00500              1
Psco_655                                      2        1.32139       -0.00000       -0.00302        0.00500              1
Psco_796                                      2       -7.78671       -0.00000       -0.00320        0.00500              1
