                              Id         Gender   SelCriterion AvgCoancestryA AvgCoancestryC   Contribution  nContribution
Psco_167                                      1       -0.11748       -0.00000       -0.00566        0.01500              3
Psco_434                                      1        7.46813       -0.00000        0.01064        0.01500              3
Psco_467                                      1        0.05231       -0.00000       -0.00471        0.01500              3
Psco_317                                      1       10.89538       -0.00000        0.01179        0.01500              3
Psco_141                                      1        8.00797        0.00000        0.01122        0.01500              3
Psco_446                                      1        8.11091       -0.00000        0.01026        0.01500              3
Psco_1026                                     1       -3.08031       -0.00000       -0.00822        0.01500              3
Psco_552                                      1        6.36646       -0.00000        0.00729        0.01500              3
Psco_576                                      1        5.90196        0.00000        0.01158        0.01500              3
Psco_530                                      1       -0.62365       -0.00000       -0.00726        0.01500              3
Psco_499                                      1        7.23321        0.00000        0.01033        0.01500              3
Psco_579                                      1        5.77894       -0.00000        0.00904        0.01500              3
Psco_769                                      1        3.51530       -0.00000        0.00419        0.01500              3
Psco_669                                      1        5.30613       -0.00000        0.00498        0.01500              3
Psco_842                                      1        3.24342        0.00000        0.00203        0.01500              3
Psco_867                                      1       -1.23878       -0.00000       -0.00621        0.01500              3
Psco_804                                      1        5.92221       -0.00000        0.00481        0.01500              3
Psco_275                                      1       -0.92757       -0.00000        0.00111        0.01000              2
Psco_210                                      1        7.80299        0.00000        0.01070        0.01000              2
Psco_189                                      1        1.68520       -0.00000        0.00231        0.01000              2
Psco_1006                                     1        4.60988        0.00000        0.00661        0.01000              2
Psco_1047                                     1        2.99534       -0.00000        0.00579        0.01000              2
Psco_1057                                     1       -2.17383       -0.00000       -0.00853        0.01000              2
Psco_994                                      1        0.13770       -0.00000       -0.00525        0.01000              2
Psco_980                                      1        1.35122       -0.00000        0.00065        0.01000              2
Psco_1013                                     1        2.47377       -0.00000        0.00499        0.01000              2
Psco_712                                      1        0.17791       -0.00000        0.00102        0.01000              2
Psco_789                                      1        2.99784        0.00000        0.00203        0.01000              2
Psco_697                                      1        1.28897       -0.00000        0.00155        0.01000              2
Psco_514                                      1        3.34343        0.00000        0.00445        0.01000              2
Psco_563                                      1        2.57739        0.00000        0.00642        0.01000              2
Psco_508                                      1        6.55579       -0.00000        0.01390        0.01000              2
Psco_754                                      1        2.95137       -0.00000        0.00825        0.01000              2
Psco_638                                      1        2.63162       -0.00000        0.00114        0.01000              2
Psco_558                                      1        1.99680       -0.00000        0.00156        0.01000              2
Psco_418                                      1        4.74281        0.00000        0.01291        0.00500              1
Psco_373                                      1       -1.10048        0.00000        0.00143        0.00500              1
Psco_982                                      1       -2.56176       -0.00000       -0.00063        0.00500              1
Psco_1031                                     1        6.35913        0.00000        0.01345        0.00500              1
Psco_968                                      1        5.75496       -0.00000        0.01349        0.00500              1
Psco_976                                      1       -2.51363       -0.00000       -0.00754        0.00500              1
Psco_900                                      1        3.23476       -0.00000        0.00577        0.00500              1
Psco_861                                      1        3.76302       -0.00000        0.00872        0.00500              1
Psco_682                                      1       -0.13009        0.00000        0.00087        0.00500              1
Psco_547                                      1       -2.10392       -0.00000       -0.00601        0.00500              1
Psco_555                                      1        4.68037       -0.00000        0.00839        0.00500              1
Psco_597                                      1        4.56892        0.00000        0.00833        0.00500              1
Psco_518                                      1        1.48653       -0.00000        0.00204        0.00500              1
Psco_103                                      2        1.51195       -0.00000        0.00809        0.00500              1
Psco_248                                      2        2.07406       -0.00000        0.00877        0.00500              1
Psco_416                                      2       -2.04579       -0.00000       -0.00700        0.00500              1
Psco_424                                      2       -4.44458       -0.00000       -0.00825        0.00500              1
Psco_432                                      2       -2.60041        0.00000        0.00367        0.00500              1
Psco_112                                      2       -3.08339       -0.00000       -0.00513        0.00500              1
Psco_417                                      2       -0.26636        0.00000        0.00175        0.00500              1
Psco_433                                      2        1.11191       -0.00000        0.00651        0.00500              1
Psco_465                                      2        1.36652        0.00000        0.01039        0.00500              1
Psco_473                                      2        6.52566       -0.00000        0.01259        0.00500              1
Psco_121                                      2        8.38841       -0.00000        0.01132        0.00500              1
Psco_169                                      2        0.69501        0.00000        0.00254        0.00500              1
Psco_307                                      2        1.98980       -0.00000        0.00899        0.00500              1
Psco_490                                      2        2.19715       -0.00000        0.00187        0.00500              1
Psco_130                                      2        3.08549       -0.00000        0.00846        0.00500              1
Psco_284                                      2       -3.47371       -0.00000       -0.00789        0.00500              1
Psco_332                                      2       -1.50910       -0.00000       -0.00392        0.00500              1
Psco_348                                      2        2.54974       -0.00000        0.00984        0.00500              1
Psco_243                                      2        2.28489       -0.00000        0.00723        0.00500              1
Psco_484                                      2        3.51394       -0.00000        0.00727        0.00500              1
Psco_492                                      2        3.10792       -0.00000        0.00436        0.00500              1
Psco_108                                      2       -3.07535       -0.00000       -0.00302        0.00500              1
Psco_164                                      2        1.17739       -0.00000       -0.00483        0.00500              1
Psco_180                                      2       -4.98712        0.00000       -0.01012        0.00500              1
Psco_213                                      2       -2.46444       -0.00000       -0.00650        0.00500              1
Psco_343                                      2        0.29827       -0.00000        0.00888        0.00500              1
Psco_351                                      2        1.45034       -0.00000        0.00273        0.00500              1
Psco_478                                      2        0.58729       -0.00000        0.00756        0.00500              1
Psco_486                                      2        2.93323        0.00000        0.01078        0.00500              1
Psco_118                                      2        2.73915        0.00000        0.00669        0.00500              1
Psco_447                                      2        5.08015        0.00000        0.01161        0.00500              1
Psco_487                                      2       -3.52304        0.00000        0.00371        0.00500              1
Psco_495                                      2        2.79562       -0.00000        0.00283        0.00500              1
Psco_910                                      2       -2.33999        0.00000        0.00283        0.00500              1
Psco_1014                                     2       -1.40606       -0.00000        0.00443        0.00500              1
Psco_1046                                     2       -1.82727        0.00000        0.00483        0.00500              1
Psco_1054                                     2       -1.51423       -0.00000        0.00011        0.00500              1
Psco_919                                      2        1.02341        0.00000        0.00398        0.00500              1
Psco_935                                      2        3.25113        0.00000        0.00826        0.00500              1
Psco_943                                      2        5.17163       -0.00000        0.01148        0.00500              1
Psco_912                                      2        1.82480       -0.00000        0.00908        0.00500              1
Psco_936                                      2        5.59726        0.00000        0.01206        0.00500              1
Psco_946                                      2        4.60642       -0.00000        0.00968        0.00500              1
Psco_954                                      2        2.55830       -0.00000        0.00704        0.00500              1
Psco_962                                      2        4.11483       -0.00000        0.00132        0.00500              1
Psco_907                                      2        6.57966       -0.00000        0.01129        0.00500              1
Psco_915                                      2        3.63075       -0.00000        0.00637        0.00500              1
Psco_963                                      2       -2.37587        0.00000       -0.00596        0.00500              1
Psco_987                                      2        4.31939       -0.00000        0.00931        0.00500              1
Psco_996                                      2       -4.15694        0.00000       -0.00751        0.00500              1
Psco_1028                                     2        4.94842       -0.00000        0.01085        0.00500              1
Psco_997                                      2        1.81543       -0.00000        0.00644        0.00500              1
Psco_917                                      2        2.13636       -0.00000        0.00658        0.00500              1
Psco_925                                      2       -1.73750       -0.00000       -0.00689        0.00500              1
Psco_1053                                     2        3.92565       -0.00000        0.00898        0.00500              1
Psco_973                                      2        0.71514       -0.00000        0.00387        0.00500              1
Psco_496                                      2        0.01526       -0.00000       -0.00445        0.00500              1
Psco_632                                      2        4.31098       -0.00000        0.01051        0.00500              1
Psco_560                                      2        3.23834       -0.00000        0.00506        0.00500              1
Psco_829                                      2        1.96077       -0.00000        0.00276        0.00500              1
Psco_845                                      2        4.47427       -0.00000        0.00423        0.00500              1
Psco_869                                      2        0.64652       -0.00000        0.00745        0.00500              1
Psco_885                                      2        5.26812       -0.00000        0.01186        0.00500              1
Psco_593                                      2        0.99071       -0.00000       -0.00059        0.00500              1
Psco_585                                      2        7.85518       -0.00000        0.00912        0.00500              1
Psco_798                                      2        2.78920       -0.00000        0.01147        0.00500              1
Psco_814                                      2        8.22490        0.00000        0.01371        0.00500              1
Psco_758                                      2        0.35419       -0.00000        0.00125        0.00500              1
Psco_878                                      2        3.54309       -0.00000        0.00996        0.00500              1
Psco_498                                      2       -0.06725       -0.00000        0.00394        0.00500              1
Psco_610                                      2       -2.89094        0.00000       -0.00040        0.00500              1
Psco_626                                      2        2.93402       -0.00000        0.00522        0.00500              1
Psco_642                                      2        1.60881       -0.00000        0.00850        0.00500              1
Psco_658                                      2        3.62850       -0.00000        0.00758        0.00500              1
Psco_666                                      2       -1.66516       -0.00000        0.00392        0.00500              1
Psco_706                                      2        2.99665        0.00000        0.00722        0.00500              1
Psco_815                                      2        5.52385        0.00000        0.01118        0.00500              1
Psco_831                                      2       -1.60014       -0.00000       -0.00543        0.00500              1
Psco_751                                      2        1.23462       -0.00000        0.00166        0.00500              1
Psco_595                                      2        3.52603        0.00000        0.01139        0.00500              1
Psco_539                                      2        4.72569        0.00000        0.00817        0.00500              1
Psco_667                                      2        3.22812       -0.00000        0.00995        0.00500              1
Psco_760                                      2        2.70912        0.00000        0.00398        0.00500              1
Psco_668                                      2        5.33156       -0.00000        0.00649        0.00500              1
Psco_676                                      2        1.26470       -0.00000       -0.00029        0.00500              1
Psco_588                                      2       -0.73505       -0.00000        0.00276        0.00500              1
Psco_700                                      2        4.30997       -0.00000        0.01274        0.00500              1
Psco_889                                      2        7.01167       -0.00000        0.01181        0.00500              1
Psco_509                                      2        5.18209       -0.00000        0.01147        0.00500              1
Psco_565_2                                    2       -0.77738       -0.00000        0.00402        0.00500              1
Psco_581                                      2        1.70597       -0.00000        0.00466        0.00500              1
Psco_770                                      2        0.84811       -0.00000        0.00418        0.00500              1
Psco_874                                      2        3.50643       -0.00000        0.00482        0.00500              1
Psco_794                                      2        2.28090       -0.00000        0.00196        0.00500              1
Psco_502                                      2        1.18048       -0.00000        0.00107        0.00500              1
Psco_747                                      2       -2.66015       -0.00000        0.00236        0.00500              1
Psco_771                                      2        4.26476        0.00000        0.00721        0.00500              1
Psco_527                                      2        8.25162       -0.00000        0.01381        0.00500              1
Psco_679                                      2       -0.20676       -0.00000        0.00420        0.00500              1
Psco_687                                      2        2.37984        0.00000        0.00598        0.00500              1
