                              Id         Gender   SelCriterion AvgCoancestryA AvgCoancestryC   Contribution  nContribution
Psco_418                                      1        4.74281        0.00000        0.02714        0.01500              3
Psco_434                                      1        7.46813       -0.00000        0.02555        0.01500              3
Psco_210                                      1        7.80299        0.00000        0.02121        0.01500              3
Psco_419                                      1        4.44782       -0.00000        0.02468        0.01500              3
Psco_317                                      1       10.89538       -0.00000        0.02168        0.01500              3
Psco_141                                      1        8.00797        0.00000        0.02051        0.01500              3
Psco_446                                      1        8.11091       -0.00000        0.02434        0.01500              3
Psco_1006                                     1        4.60988        0.00000        0.02516        0.01500              3
Psco_1031                                     1        6.35913        0.00000        0.02758        0.01500              3
Psco_1047                                     1        2.99534       -0.00000        0.01049        0.01500              3
Psco_1032                                     1        4.44975       -0.00000        0.02589        0.01500              3
Psco_968                                      1        5.75496       -0.00000        0.01787        0.01500              3
Psco_913                                      1        4.33312       -0.00000        0.01924        0.01500              3
Psco_994                                      1        0.13770       -0.00000       -0.02383        0.01500              3
Psco_900                                      1        3.23476       -0.00000        0.01394        0.01500              3
Psco_965                                      1        6.61420        0.00000        0.02923        0.01500              3
Psco_552                                      1        6.36646       -0.00000        0.01945        0.01500              3
Psco_576                                      1        5.90196        0.00000        0.01916        0.01500              3
Psco_789                                      1        2.99784        0.00000        0.00465        0.01500              3
Psco_713                                      1        5.38083        0.00000        0.02665        0.01500              3
Psco_562                                      1        2.88110        0.00000        0.00296        0.01500              3
Psco_499                                      1        7.23321        0.00000        0.02480        0.01500              3
Psco_555                                      1        4.68037       -0.00000        0.02142        0.01500              3
Psco_579                                      1        5.77894       -0.00000        0.02220        0.01500              3
Psco_508                                      1        6.55579       -0.00000        0.02815        0.01500              3
Psco_516                                      1        4.59407        0.00000        0.02186        0.01500              3
Psco_769                                      1        3.51530       -0.00000        0.01703        0.01500              3
Psco_873                                      1        3.77040       -0.00000        0.01690        0.01500              3
Psco_597                                      1        4.56892        0.00000        0.02178        0.01500              3
Psco_669                                      1        5.30613       -0.00000        0.02325        0.01500              3
Psco_804                                      1        5.92221       -0.00000        0.02061        0.01500              3
Psco_754                                      1        2.95137       -0.00000        0.01291        0.01000              2
Psco_638                                      1        2.63162       -0.00000        0.00371        0.01000              2
Psco_467                                      1        0.05231       -0.00000       -0.02140        0.00500              1
Psco_546                                      1        4.13372       -0.00000        0.02455        0.00500              1
Psco_842                                      1        3.24342        0.00000        0.01692        0.00500              1
Psco_103                                      2        1.51195       -0.00000        0.01356        0.00500              1
Psco_248                                      2        2.07406       -0.00000        0.01330        0.00500              1
Psco_433                                      2        1.11191       -0.00000        0.01846        0.00500              1
Psco_465                                      2        1.36652        0.00000        0.01630        0.00500              1
Psco_473                                      2        6.52566       -0.00000        0.02685        0.00500              1
Psco_481                                      2        3.51403       -0.00000        0.02098        0.00500              1
Psco_121                                      2        8.38841       -0.00000        0.02118        0.00500              1
Psco_169                                      2        0.69501        0.00000       -0.00214        0.00500              1
Psco_307                                      2        1.98980       -0.00000        0.01468        0.00500              1
Psco_490                                      2        2.19715       -0.00000        0.01655        0.00500              1
Psco_130                                      2        3.08549       -0.00000        0.01228        0.00500              1
Psco_348                                      2        2.54974       -0.00000        0.01634        0.00500              1
Psco_243                                      2        2.28489       -0.00000        0.01419        0.00500              1
Psco_484                                      2        3.51394       -0.00000        0.01144        0.00500              1
Psco_492                                      2        3.10792       -0.00000        0.01867        0.00500              1
Psco_164                                      2        1.17739       -0.00000       -0.02607        0.00500              1
Psco_205                                      2        4.78503       -0.00000        0.01913        0.00500              1
Psco_279                                      2        0.23205       -0.00000        0.00930        0.00500              1
Psco_351                                      2        1.45034       -0.00000        0.01022        0.00500              1
Psco_478                                      2        0.58729       -0.00000        0.01444        0.00500              1
Psco_486                                      2        2.93323        0.00000        0.01740        0.00500              1
Psco_118                                      2        2.73915        0.00000        0.01306        0.00500              1
Psco_447                                      2        5.08015        0.00000        0.02417        0.00500              1
Psco_495                                      2        2.79562       -0.00000        0.01624        0.00500              1
Psco_902                                      2        2.99479       -0.00000        0.02220        0.00500              1
Psco_903                                      2        1.77622       -0.00000        0.02218        0.00500              1
Psco_935                                      2        3.25113        0.00000        0.01577        0.00500              1
Psco_943                                      2        5.17163       -0.00000        0.01702        0.00500              1
Psco_912                                      2        1.82480       -0.00000        0.01639        0.00500              1
Psco_1016                                     2        0.97485       -0.00000        0.01829        0.00500              1
Psco_936                                      2        5.59726        0.00000        0.01949        0.00500              1
Psco_906                                      2        2.93661       -0.00000        0.02091        0.00500              1
Psco_946                                      2        4.60642       -0.00000        0.02634        0.00500              1
Psco_954                                      2        2.55830       -0.00000        0.01227        0.00500              1
Psco_962                                      2        4.11483       -0.00000        0.00181        0.00500              1
Psco_907                                      2        6.57966       -0.00000        0.02555        0.00500              1
Psco_915                                      2        3.63075       -0.00000        0.02134        0.00500              1
Psco_931                                      2        2.65309       -0.00000        0.02289        0.00500              1
Psco_987                                      2        4.31939       -0.00000        0.02542        0.00500              1
Psco_1004                                     2        0.66954        0.00000        0.00136        0.00500              1
Psco_1028                                     2        4.94842       -0.00000        0.02811        0.00500              1
Psco_997                                      2        1.81543       -0.00000        0.01110        0.00500              1
Psco_917                                      2        2.13636       -0.00000        0.01051        0.00500              1
Psco_1053                                     2        3.92565       -0.00000        0.02510        0.00500              1
Psco_973                                      2        0.71514       -0.00000       -0.01101        0.00500              1
Psco_496                                      2        0.01526       -0.00000       -0.02285        0.00500              1
Psco_504                                      2       -1.59486       -0.00000       -0.02652        0.00500              1
Psco_632                                      2        4.31098       -0.00000        0.02364        0.00500              1
Psco_640                                      2        2.73402       -0.00000        0.02250        0.00500              1
Psco_560                                      2        3.23834       -0.00000        0.02290        0.00500              1
Psco_829                                      2        1.96077       -0.00000        0.01093        0.00500              1
Psco_845                                      2        4.47427       -0.00000        0.01854        0.00500              1
Psco_869                                      2        0.64652       -0.00000        0.01466        0.00500              1
Psco_885                                      2        5.26812       -0.00000        0.03004        0.00500              1
Psco_593                                      2        0.99071       -0.00000        0.00102        0.00500              1
Psco_585                                      2        7.85518       -0.00000        0.02425        0.00500              1
Psco_798                                      2        2.78920       -0.00000        0.02077        0.00500              1
Psco_814                                      2        8.22490        0.00000        0.03240        0.00500              1
Psco_750                                      2        4.12812       -0.00000        0.02224        0.00500              1
Psco_846                                      2        2.09074       -0.00000        0.02247        0.00500              1
Psco_878                                      2        3.54309       -0.00000        0.02613        0.00500              1
Psco_498                                      2       -0.06725       -0.00000       -0.01034        0.00500              1
Psco_602                                      2        2.27690       -0.00000        0.02543        0.00500              1
Psco_626                                      2        2.93402       -0.00000        0.01949        0.00500              1
Psco_642                                      2        1.60881       -0.00000        0.02406        0.00500              1
Psco_658                                      2        3.62850       -0.00000        0.02281        0.00500              1
Psco_586                                      2        1.08409       -0.00000        0.01317        0.00500              1
Psco_706                                      2        2.99665        0.00000        0.01129        0.00500              1
Psco_815                                      2        5.52385        0.00000        0.02458        0.00500              1
Psco_831                                      2       -1.60014       -0.00000       -0.02218        0.00500              1
Psco_751                                      2        1.23462       -0.00000       -0.01556        0.00500              1
Psco_595                                      2        3.52603        0.00000        0.01692        0.00500              1
Psco_539                                      2        4.72569        0.00000        0.01449        0.00500              1
Psco_651                                      2        0.82051       -0.00000        0.01007        0.00500              1
Psco_667                                      2        3.22812       -0.00000        0.02615        0.00500              1
Psco_675                                      2        1.44369       -0.00000        0.02423        0.00500              1
Psco_760                                      2        2.70912        0.00000        0.01118        0.00500              1
Psco_864                                      2        4.34986        0.00000        0.01858        0.00500              1
Psco_524                                      2        2.15665       -0.00000        0.02601        0.00500              1
Psco_668                                      2        5.33156       -0.00000        0.02037        0.00500              1
Psco_676                                      2        1.26470       -0.00000       -0.00080        0.00500              1
Psco_700                                      2        4.30997       -0.00000        0.01877        0.00500              1
Psco_809                                      2        1.42119       -0.00000        0.01551        0.00500              1
Psco_841                                      2        1.90623       -0.00000        0.02575        0.00500              1
Psco_777                                      2        1.21731       -0.00000        0.01906        0.00500              1
Psco_889                                      2        7.01167       -0.00000        0.02740        0.00500              1
Psco_509                                      2        5.18209       -0.00000        0.02953        0.00500              1
Psco_541                                      2        2.10831        0.00000        0.02090        0.00500              1
Psco_581                                      2        1.70597       -0.00000       -0.00911        0.00500              1
Psco_770                                      2        0.84811       -0.00000       -0.01213        0.00500              1
Psco_874                                      2        3.50643       -0.00000        0.01728        0.00500              1
Psco_794                                      2        2.28090       -0.00000        0.00290        0.00500              1
Psco_502                                      2        1.18048       -0.00000       -0.00109        0.00500              1
Psco_710                                      2        2.36823       -0.00000        0.02795        0.00500              1
Psco_771                                      2        4.26476        0.00000        0.01119        0.00500              1
Psco_503                                      2        1.58948       -0.00000        0.01182        0.00500              1
Psco_527                                      2        8.25162       -0.00000        0.02951        0.00500              1
Psco_543                                      2        1.88325       -0.00000        0.01905        0.00500              1
Psco_655                                      2        1.32139       -0.00000        0.01098        0.00500              1
Psco_687                                      2        2.37984        0.00000        0.01011        0.00500              1
