                              Id         Gender   SelCriterion AvgCoancestryA AvgCoancestryC   Contribution  nContribution
Psco_167                                      1       -0.11748       -0.00000       -0.01205        0.01500              3
Psco_434                                      1        7.46813       -0.00000        0.01583        0.01500              3
Psco_210                                      1        7.80299        0.00000        0.01805        0.01500              3
Psco_467                                      1        0.05231       -0.00000       -0.01067        0.01500              3
Psco_317                                      1       10.89538       -0.00000        0.01953        0.01500              3
Psco_141                                      1        8.00797        0.00000        0.01813        0.01500              3
Psco_446                                      1        8.11091       -0.00000        0.01536        0.01500              3
Psco_1031                                     1        6.35913        0.00000        0.01704        0.01500              3
Psco_1047                                     1        2.99534       -0.00000        0.00728        0.01500              3
Psco_968                                      1        5.75496       -0.00000        0.01187        0.01500              3
Psco_913                                      1        4.33312       -0.00000        0.00940        0.01500              3
Psco_994                                      1        0.13770       -0.00000       -0.01168        0.01500              3
Psco_900                                      1        3.23476       -0.00000        0.00913        0.01500              3
Psco_980                                      1        1.35122       -0.00000       -0.00233        0.01500              3
Psco_552                                      1        6.36646       -0.00000        0.01172        0.01500              3
Psco_576                                      1        5.90196        0.00000        0.01230        0.01500              3
Psco_530                                      1       -0.62365       -0.00000       -0.01495        0.01500              3
Psco_698                                      1       -0.95327       -0.00000       -0.01229        0.01500              3
Psco_499                                      1        7.23321        0.00000        0.01550        0.01500              3
Psco_555                                      1        4.68037       -0.00000        0.01374        0.01500              3
Psco_579                                      1        5.77894       -0.00000        0.01287        0.01500              3
Psco_508                                      1        6.55579       -0.00000        0.01742        0.01500              3
Psco_516                                      1        4.59407        0.00000        0.01432        0.01500              3
Psco_842                                      1        3.24342        0.00000        0.01186        0.01500              3
Psco_804                                      1        5.92221       -0.00000        0.01276        0.01500              3
Psco_1006                                     1        4.60988        0.00000        0.01600        0.01000              2
Psco_982                                      1       -2.56176       -0.00000       -0.00857        0.01000              2
Psco_1013                                     1        2.47377       -0.00000        0.00655        0.01000              2
Psco_789                                      1        2.99784        0.00000        0.00608        0.01000              2
Psco_713                                      1        5.38083        0.00000        0.01666        0.01000              2
Psco_562                                      1        2.88110        0.00000        0.00472        0.01000              2
Psco_563                                      1        2.57739        0.00000        0.00798        0.01000              2
Psco_669                                      1        5.30613       -0.00000        0.01483        0.01000              2
Psco_638                                      1        2.63162       -0.00000        0.00488        0.01000              2
Psco_419                                      1        4.44782       -0.00000        0.01732        0.00500              1
Psco_189                                      1        1.68520       -0.00000        0.00579        0.00500              1
Psco_1032                                     1        4.44975       -0.00000        0.01643        0.00500              1
Psco_514                                      1        3.34343        0.00000        0.01117        0.00500              1
Psco_769                                      1        3.51530       -0.00000        0.01388        0.00500              1
Psco_873                                      1        3.77040       -0.00000        0.01131        0.00500              1
Psco_754                                      1        2.95137       -0.00000        0.01234        0.00500              1
Psco_103                                      2        1.51195       -0.00000        0.01030        0.00500              1
Psco_127                                      2       -1.22387       -0.00000       -0.00400        0.00500              1
Psco_248                                      2        2.07406       -0.00000        0.00996        0.00500              1
Psco_416                                      2       -2.04579       -0.00000       -0.01255        0.00500              1
Psco_472                                      2       -0.29385        0.00000        0.00321        0.00500              1
Psco_112                                      2       -3.08339       -0.00000       -0.01114        0.00500              1
Psco_417                                      2       -0.26636        0.00000       -0.00065        0.00500              1
Psco_425                                      2       -3.31275       -0.00000       -0.00265        0.00500              1
Psco_465                                      2        1.36652        0.00000        0.01155        0.00500              1
Psco_473                                      2        6.52566       -0.00000        0.01683        0.00500              1
Psco_481                                      2        3.51403       -0.00000        0.01418        0.00500              1
Psco_121                                      2        8.38841       -0.00000        0.01901        0.00500              1
Psco_169                                      2        0.69501        0.00000        0.00023        0.00500              1
Psco_307                                      2        1.98980       -0.00000        0.01144        0.00500              1
Psco_490                                      2        2.19715       -0.00000        0.01026        0.00500              1
Psco_130                                      2        3.08549       -0.00000        0.00954        0.00500              1
Psco_251                                      2       -3.04286       -0.00000       -0.00754        0.00500              1
Psco_308                                      2       -2.43210       -0.00000       -0.00136        0.00500              1
Psco_348                                      2        2.54974       -0.00000        0.01182        0.00500              1
Psco_243                                      2        2.28489       -0.00000        0.01102        0.00500              1
Psco_484                                      2        3.51394       -0.00000        0.00891        0.00500              1
Psco_492                                      2        3.10792       -0.00000        0.01232        0.00500              1
Psco_164                                      2        1.17739       -0.00000       -0.01397        0.00500              1
Psco_205                                      2        4.78503       -0.00000        0.01632        0.00500              1
Psco_351                                      2        1.45034       -0.00000        0.00548        0.00500              1
Psco_486                                      2        2.93323        0.00000        0.01162        0.00500              1
Psco_118                                      2        2.73915        0.00000        0.00999        0.00500              1
Psco_182                                      2       -2.42920       -0.00000       -0.00700        0.00500              1
Psco_447                                      2        5.08015        0.00000        0.01488        0.00500              1
Psco_495                                      2        2.79562       -0.00000        0.01104        0.00500              1
Psco_902                                      2        2.99479       -0.00000        0.01315        0.00500              1
Psco_903                                      2        1.77622       -0.00000        0.01470        0.00500              1
Psco_919                                      2        1.02341        0.00000        0.01513        0.00500              1
Psco_935                                      2        3.25113        0.00000        0.01254        0.00500              1
Psco_943                                      2        5.17163       -0.00000        0.01100        0.00500              1
Psco_936                                      2        5.59726        0.00000        0.01267        0.00500              1
Psco_953                                      2       -0.12108        0.00000        0.01156        0.00500              1
Psco_906                                      2        2.93661       -0.00000        0.01181        0.00500              1
Psco_946                                      2        4.60642       -0.00000        0.01441        0.00500              1
Psco_954                                      2        2.55830       -0.00000        0.00895        0.00500              1
Psco_962                                      2        4.11483       -0.00000        0.00419        0.00500              1
Psco_907                                      2        6.57966       -0.00000        0.01656        0.00500              1
Psco_915                                      2        3.63075       -0.00000        0.01560        0.00500              1
Psco_987                                      2        4.31939       -0.00000        0.01480        0.00500              1
Psco_1028                                     2        4.94842       -0.00000        0.01776        0.00500              1
Psco_972                                      2        0.67268       -0.00000        0.00715        0.00500              1
Psco_997                                      2        1.81543       -0.00000        0.01038        0.00500              1
Psco_917                                      2        2.13636       -0.00000        0.01009        0.00500              1
Psco_925                                      2       -1.73750       -0.00000       -0.01420        0.00500              1
Psco_1053                                     2        3.92565       -0.00000        0.01651        0.00500              1
Psco_973                                      2        0.71514       -0.00000       -0.00290        0.00500              1
Psco_496                                      2        0.01526       -0.00000       -0.01157        0.00500              1
Psco_632                                      2        4.31098       -0.00000        0.01415        0.00500              1
Psco_640                                      2        2.73402       -0.00000        0.01429        0.00500              1
Psco_560                                      2        3.23834       -0.00000        0.01449        0.00500              1
Psco_829                                      2        1.96077       -0.00000        0.00742        0.00500              1
Psco_765                                      2       -3.40416       -0.00000       -0.01361        0.00500              1
Psco_885                                      2        5.26812       -0.00000        0.01810        0.00500              1
Psco_593                                      2        0.99071       -0.00000        0.00226        0.00500              1
Psco_585                                      2        7.85518       -0.00000        0.01449        0.00500              1
Psco_814                                      2        8.22490        0.00000        0.01950        0.00500              1
Psco_750                                      2        4.12812       -0.00000        0.01343        0.00500              1
Psco_878                                      2        3.54309       -0.00000        0.01518        0.00500              1
Psco_498                                      2       -0.06725       -0.00000       -0.00323        0.00500              1
Psco_610                                      2       -2.89094        0.00000       -0.00843        0.00500              1
Psco_658                                      2        3.62850       -0.00000        0.01529        0.00500              1
Psco_586                                      2        1.08409       -0.00000        0.01260        0.00500              1
Psco_706                                      2        2.99665        0.00000        0.01130        0.00500              1
Psco_815                                      2        5.52385        0.00000        0.01608        0.00500              1
Psco_831                                      2       -1.60014       -0.00000       -0.01086        0.00500              1
Psco_751                                      2        1.23462       -0.00000       -0.00587        0.00500              1
Psco_595                                      2        3.52603        0.00000        0.01142        0.00500              1
Psco_539                                      2        4.72569        0.00000        0.01345        0.00500              1
Psco_651                                      2        0.82051       -0.00000        0.00630        0.00500              1
Psco_667                                      2        3.22812       -0.00000        0.01468        0.00500              1
Psco_675                                      2        1.44369       -0.00000        0.01434        0.00500              1
Psco_760                                      2        2.70912        0.00000        0.00758        0.00500              1
Psco_864                                      2        4.34986        0.00000        0.01473        0.00500              1
Psco_524                                      2        2.15665       -0.00000        0.01484        0.00500              1
Psco_668                                      2        5.33156       -0.00000        0.01461        0.00500              1
Psco_676                                      2        1.26470       -0.00000        0.00193        0.00500              1
Psco_700                                      2        4.30997       -0.00000        0.01274        0.00500              1
Psco_809                                      2        1.42119       -0.00000        0.01220        0.00500              1
Psco_777                                      2        1.21731       -0.00000        0.01513        0.00500              1
Psco_889                                      2        7.01167       -0.00000        0.01708        0.00500              1
Psco_509                                      2        5.18209       -0.00000        0.01707        0.00500              1
Psco_541                                      2        2.10831        0.00000        0.01376        0.00500              1
Psco_565_2                                    2       -0.77738       -0.00000       -0.00157        0.00500              1
Psco_581                                      2        1.70597       -0.00000       -0.00226        0.00500              1
Psco_770                                      2        0.84811       -0.00000       -0.00341        0.00500              1
Psco_874                                      2        3.50643       -0.00000        0.01374        0.00500              1
Psco_794                                      2        2.28090       -0.00000        0.00487        0.00500              1
Psco_502                                      2        1.18048       -0.00000       -0.00148        0.00500              1
Psco_771                                      2        4.26476        0.00000        0.00903        0.00500              1
Psco_503                                      2        1.58948       -0.00000        0.01077        0.00500              1
Psco_527                                      2        8.25162       -0.00000        0.01859        0.00500              1
Psco_543                                      2        1.88325       -0.00000        0.00919        0.00500              1
Psco_679                                      2       -0.20676       -0.00000       -0.00237        0.00500              1
Psco_687                                      2        2.37984        0.00000        0.00748        0.00500              1
Psco_860                                      2       -2.03945       -0.00000       -0.00306        0.00500              1
