                              Id         Gender   SelCriterion AvgCoancestryA AvgCoancestryC   Contribution  nContribution
Psco_418                                      1        4.74281        0.00000        0.03652        0.01500              3
Psco_434                                      1        7.46813       -0.00000        0.03715        0.01500              3
Psco_210                                      1        7.80299        0.00000        0.01948        0.01500              3
Psco_419                                      1        4.44782       -0.00000        0.02752        0.01500              3
Psco_317                                      1       10.89538       -0.00000        0.01774        0.01500              3
Psco_141                                      1        8.00797        0.00000        0.01804        0.01500              3
Psco_446                                      1        8.11091       -0.00000        0.03535        0.01500              3
Psco_1006                                     1        4.60988        0.00000        0.02871        0.01500              3
Psco_966                                      1        4.03273        0.00000        0.03453        0.01500              3
Psco_927                                      1        3.42636       -0.00000        0.03612        0.01500              3
Psco_1031                                     1        6.35913        0.00000        0.03669        0.01500              3
Psco_1032                                     1        4.44975       -0.00000        0.03505        0.01500              3
Psco_968                                      1        5.75496       -0.00000        0.02252        0.01500              3
Psco_913                                      1        4.33312       -0.00000        0.02452        0.01500              3
Psco_916                                      1        3.56665        0.00000        0.03355        0.01500              3
Psco_965                                      1        6.61420        0.00000        0.04306        0.01500              3
Psco_552                                      1        6.36646       -0.00000        0.02165        0.01500              3
Psco_576                                      1        5.90196        0.00000        0.02397        0.01500              3
Psco_861                                      1        3.76302       -0.00000        0.03515        0.01500              3
Psco_713                                      1        5.38083        0.00000        0.03440        0.01500              3
Psco_546                                      1        4.13372       -0.00000        0.02643        0.01500              3
Psco_499                                      1        7.23321        0.00000        0.03785        0.01500              3
Psco_555                                      1        4.68037       -0.00000        0.02430        0.01500              3
Psco_579                                      1        5.77894       -0.00000        0.02948        0.01500              3
Psco_840                                      1        3.66905        0.00000        0.03768        0.01500              3
Psco_508                                      1        6.55579       -0.00000        0.03647        0.01500              3
Psco_516                                      1        4.59407        0.00000        0.02608        0.01500              3
Psco_580                                      1        4.28015        0.00000        0.03575        0.01500              3
Psco_769                                      1        3.51530       -0.00000        0.02212        0.01500              3
Psco_873                                      1        3.77040       -0.00000        0.02201        0.01500              3
Psco_597                                      1        4.56892        0.00000        0.02836        0.01500              3
Psco_669                                      1        5.30613       -0.00000        0.02576        0.01500              3
Psco_804                                      1        5.92221       -0.00000        0.02372        0.01500              3
Psco_575                                      1        3.39037        0.00000        0.03782        0.00500              1
Psco_103                                      2        1.51195       -0.00000        0.01557        0.00500              1
Psco_248                                      2        2.07406       -0.00000        0.01394        0.00500              1
Psco_433                                      2        1.11191       -0.00000        0.02224        0.00500              1
Psco_465                                      2        1.36652        0.00000        0.02201        0.00500              1
Psco_473                                      2        6.52566       -0.00000        0.03591        0.00500              1
Psco_481                                      2        3.51403       -0.00000        0.02427        0.00500              1
Psco_121                                      2        8.38841       -0.00000        0.01865        0.00500              1
Psco_169                                      2        0.69501        0.00000       -0.00284        0.00500              1
Psco_307                                      2        1.98980       -0.00000        0.01586        0.00500              1
Psco_490                                      2        2.19715       -0.00000        0.01878        0.00500              1
Psco_130                                      2        3.08549       -0.00000        0.01249        0.00500              1
Psco_348                                      2        2.54974       -0.00000        0.01881        0.00500              1
Psco_243                                      2        2.28489       -0.00000        0.01546        0.00500              1
Psco_412                                      2        1.41254       -0.00000        0.03726        0.00500              1
Psco_484                                      2        3.51394       -0.00000        0.00991        0.00500              1
Psco_492                                      2        3.10792       -0.00000        0.02248        0.00500              1
Psco_164                                      2        1.17739       -0.00000       -0.03667        0.00500              1
Psco_205                                      2        4.78503       -0.00000        0.01542        0.00500              1
Psco_351                                      2        1.45034       -0.00000        0.00877        0.00500              1
Psco_478                                      2        0.58729       -0.00000        0.01221        0.00500              1
Psco_486                                      2        2.93323        0.00000        0.02333        0.00500              1
Psco_118                                      2        2.73915        0.00000        0.01542        0.00500              1
Psco_447                                      2        5.08015        0.00000        0.03210        0.00500              1
Psco_495                                      2        2.79562       -0.00000        0.01957        0.00500              1
Psco_902                                      2        2.99479       -0.00000        0.03378        0.00500              1
Psco_903                                      2        1.77622       -0.00000        0.02706        0.00500              1
Psco_919                                      2        1.02341        0.00000        0.02574        0.00500              1
Psco_935                                      2        3.25113        0.00000        0.01378        0.00500              1
Psco_943                                      2        5.17163       -0.00000        0.02259        0.00500              1
Psco_912                                      2        1.82480       -0.00000        0.02149        0.00500              1
Psco_1016                                     2        0.97485       -0.00000        0.03045        0.00500              1
Psco_936                                      2        5.59726        0.00000        0.02427        0.00500              1
Psco_906                                      2        2.93661       -0.00000        0.02327        0.00500              1
Psco_946                                      2        4.60642       -0.00000        0.03497        0.00500              1
Psco_954                                      2        2.55830       -0.00000        0.01185        0.00500              1
Psco_962                                      2        4.11483       -0.00000       -0.00707        0.00500              1
Psco_907                                      2        6.57966       -0.00000        0.03763        0.00500              1
Psco_915                                      2        3.63075       -0.00000        0.02510        0.00500              1
Psco_931                                      2        2.65309       -0.00000        0.02563        0.00500              1
Psco_987                                      2        4.31939       -0.00000        0.03360        0.00500              1
Psco_1004                                     2        0.66954        0.00000       -0.00616        0.00500              1
Psco_1028                                     2        4.94842       -0.00000        0.03791        0.00500              1
Psco_972                                      2        0.67268       -0.00000        0.01356        0.00500              1
Psco_997                                      2        1.81543       -0.00000        0.00881        0.00500              1
Psco_917                                      2        2.13636       -0.00000        0.00785        0.00500              1
Psco_1053                                     2        3.92565       -0.00000        0.02732        0.00500              1
Psco_973                                      2        0.71514       -0.00000       -0.01390        0.00500              1
Psco_632                                      2        4.31098       -0.00000        0.03229        0.00500              1
Psco_640                                      2        2.73402       -0.00000        0.02446        0.00500              1
Psco_560                                      2        3.23834       -0.00000        0.02517        0.00500              1
Psco_829                                      2        1.96077       -0.00000        0.01332        0.00500              1
Psco_845                                      2        4.47427       -0.00000        0.02225        0.00500              1
Psco_869                                      2        0.64652       -0.00000        0.01281        0.00500              1
Psco_885                                      2        5.26812       -0.00000        0.03809        0.00500              1
Psco_593                                      2        0.99071       -0.00000       -0.00451        0.00500              1
Psco_585                                      2        7.85518       -0.00000        0.03744        0.00500              1
Psco_798                                      2        2.78920       -0.00000        0.02721        0.00500              1
Psco_814                                      2        8.22490        0.00000        0.04266        0.00500              1
Psco_750                                      2        4.12812       -0.00000        0.03641        0.00500              1
Psco_846                                      2        2.09074       -0.00000        0.02540        0.00500              1
Psco_878                                      2        3.54309       -0.00000        0.03414        0.00500              1
Psco_602                                      2        2.27690       -0.00000        0.03381        0.00500              1
Psco_626                                      2        2.93402       -0.00000        0.02105        0.00500              1
Psco_642                                      2        1.60881       -0.00000        0.03044        0.00500              1
Psco_658                                      2        3.62850       -0.00000        0.02516        0.00500              1
Psco_586                                      2        1.08409       -0.00000        0.01049        0.00500              1
Psco_706                                      2        2.99665        0.00000        0.00760        0.00500              1
Psco_815                                      2        5.52385        0.00000        0.03638        0.00500              1
Psco_751                                      2        1.23462       -0.00000       -0.01735        0.00500              1
Psco_595                                      2        3.52603        0.00000        0.02135        0.00500              1
Psco_539                                      2        4.72569        0.00000        0.01085        0.00500              1
Psco_651                                      2        0.82051       -0.00000        0.00918        0.00500              1
Psco_667                                      2        3.22812       -0.00000        0.03565        0.00500              1
Psco_675                                      2        1.44369       -0.00000        0.03237        0.00500              1
Psco_760                                      2        2.70912        0.00000        0.00993        0.00500              1
Psco_864                                      2        4.34986        0.00000        0.02391        0.00500              1
Psco_524                                      2        2.15665       -0.00000        0.03510        0.00500              1
Psco_668                                      2        5.33156       -0.00000        0.02343        0.00500              1
Psco_676                                      2        1.26470       -0.00000       -0.00754        0.00500              1
Psco_684                                      2        1.37939        0.00000        0.02526        0.00500              1
Psco_700                                      2        4.30997       -0.00000        0.02350        0.00500              1
Psco_809                                      2        1.42119       -0.00000        0.02055        0.00500              1
Psco_841                                      2        1.90623       -0.00000        0.03465        0.00500              1
Psco_777                                      2        1.21731       -0.00000        0.02474        0.00500              1
Psco_889                                      2        7.01167       -0.00000        0.04051        0.00500              1
Psco_509                                      2        5.18209       -0.00000        0.03749        0.00500              1
Psco_541                                      2        2.10831        0.00000        0.02294        0.00500              1
Psco_581                                      2        1.70597       -0.00000       -0.01154        0.00500              1
Psco_770                                      2        0.84811       -0.00000       -0.01355        0.00500              1
Psco_874                                      2        3.50643       -0.00000        0.02226        0.00500              1
Psco_794                                      2        2.28090       -0.00000       -0.00346        0.00500              1
Psco_502                                      2        1.18048       -0.00000        0.00115        0.00500              1
Psco_710                                      2        2.36823       -0.00000        0.03599        0.00500              1
Psco_771                                      2        4.26476        0.00000        0.01075        0.00500              1
Psco_503                                      2        1.58948       -0.00000        0.00915        0.00500              1
Psco_527                                      2        8.25162       -0.00000        0.04241        0.00500              1
Psco_543                                      2        1.88325       -0.00000        0.02542        0.00500              1
Psco_655                                      2        1.32139       -0.00000        0.01103        0.00500              1
Psco_687                                      2        2.37984        0.00000        0.01007        0.00500              1
Psco_703                                      2        0.97805        0.00000        0.03493        0.00500              1
