                              Id         Gender   SelCriterion AvgCoancestryA AvgCoancestryC   Contribution  nContribution
Psco_167                                      1       -0.11748       -0.00000       -0.00208        0.01500              3
Psco_210                                      1        7.80299        0.00000        0.00764        0.01500              3
Psco_446                                      1        8.11091       -0.00000        0.00646        0.01500              3
Psco_1006                                     1        4.60988        0.00000        0.00124        0.01500              3
Psco_1026                                     1       -3.08031       -0.00000       -0.00740        0.01500              3
Psco_576                                      1        5.90196        0.00000        0.00600        0.01500              3
Psco_514                                      1        3.34343        0.00000       -0.00023        0.01500              3
Psco_769                                      1        3.51530       -0.00000        0.00188        0.01500              3
Psco_867                                      1       -1.23878       -0.00000       -0.00195        0.01500              3
Psco_804                                      1        5.92221       -0.00000       -0.00002        0.01500              3
Psco_275                                      1       -0.92757       -0.00000        0.00087        0.01000              2
Psco_434                                      1        7.46813       -0.00000        0.00763        0.01000              2
Psco_141                                      1        8.00797        0.00000        0.00816        0.01000              2
Psco_430                                      1       -4.83198        0.00000       -0.00645        0.01000              2
Psco_1031                                     1        6.35913        0.00000        0.00877        0.01000              2
Psco_1047                                     1        2.99534       -0.00000        0.00601        0.01000              2
Psco_968                                      1        5.75496       -0.00000        0.00611        0.01000              2
Psco_1057                                     1       -2.17383       -0.00000       -0.00427        0.01000              2
Psco_994                                      1        0.13770       -0.00000       -0.00204        0.01000              2
Psco_955                                      1       -2.11695        0.00000        0.00058        0.01000              2
Psco_900                                      1        3.23476       -0.00000        0.00598        0.01000              2
Psco_980                                      1        1.35122       -0.00000        0.00348        0.01000              2
Psco_552                                      1        6.36646       -0.00000        0.00259        0.01000              2
Psco_712                                      1        0.17791       -0.00000        0.00208        0.01000              2
Psco_861                                      1        3.76302       -0.00000        0.00442        0.01000              2
Psco_789                                      1        2.99784        0.00000        0.00364        0.01000              2
Psco_530                                      1       -0.62365       -0.00000       -0.00391        0.01000              2
Psco_499                                      1        7.23321        0.00000        0.00772        0.01000              2
Psco_555                                      1        4.68037       -0.00000        0.00190        0.01000              2
Psco_563                                      1        2.57739        0.00000        0.00432        0.01000              2
Psco_508                                      1        6.55579       -0.00000        0.00865        0.01000              2
Psco_516                                      1        4.59407        0.00000        0.00111        0.01000              2
Psco_597                                      1        4.56892        0.00000        0.00611        0.01000              2
Psco_842                                      1        3.24342        0.00000        0.00012        0.01000              2
Psco_638                                      1        2.63162       -0.00000        0.00284        0.01000              2
Psco_362                                      1        2.35440        0.00000        0.00448        0.00500              1
Psco_419                                      1        4.44782       -0.00000        0.00171        0.00500              1
Psco_467                                      1        0.05231       -0.00000       -0.00115        0.00500              1
Psco_381                                      1       -1.96495       -0.00000       -0.00187        0.00500              1
Psco_461                                      1       -1.29133       -0.00000        0.00281        0.00500              1
Psco_189                                      1        1.68520       -0.00000        0.00468        0.00500              1
Psco_303                                      1       -2.66659       -0.00000       -0.00258        0.00500              1
Psco_905                                      1       -0.59329       -0.00000        0.00256        0.00500              1
Psco_913                                      1        4.33312       -0.00000        0.00537        0.00500              1
Psco_965                                      1        6.61420        0.00000        0.00815        0.00500              1
Psco_981                                      1        0.34011       -0.00000        0.00476        0.00500              1
Psco_506                                      1       -1.96002       -0.00000        0.00165        0.00500              1
Psco_554                                      1        2.03717       -0.00000        0.00048        0.00500              1
Psco_562                                      1        2.88110        0.00000        0.00341        0.00500              1
Psco_547                                      1       -2.10392       -0.00000       -0.00235        0.00500              1
Psco_840                                      1        3.66905        0.00000        0.00562        0.00500              1
Psco_848                                      1       -1.10088       -0.00000        0.00370        0.00500              1
Psco_754                                      1        2.95137       -0.00000        0.00698        0.00500              1
Psco_827                                      1       -0.96744       -0.00000        0.00275        0.00500              1
Psco_647                                      1       -0.26428       -0.00000        0.00406        0.00500              1
Psco_103                                      2        1.51195       -0.00000        0.00424        0.00500              1
Psco_143                                      2       -8.88191       -0.00000       -0.00743        0.00500              1
Psco_248                                      2        2.07406       -0.00000        0.00482        0.00500              1
Psco_281                                      2       -2.10364       -0.00000       -0.00378        0.00500              1
Psco_416                                      2       -2.04579       -0.00000       -0.00319        0.00500              1
Psco_424                                      2       -4.44458       -0.00000       -0.00665        0.00500              1
Psco_432                                      2       -2.60041        0.00000        0.00219        0.00500              1
Psco_472                                      2       -0.29385        0.00000        0.00198        0.00500              1
Psco_112                                      2       -3.08339       -0.00000       -0.00286        0.00500              1
Psco_128                                      2       -5.69139       -0.00000        0.00201        0.00500              1
Psco_176                                      2      -11.61180       -0.00000       -0.00793        0.00500              1
Psco_417                                      2       -0.26636        0.00000        0.00370        0.00500              1
Psco_425                                      2       -3.31275       -0.00000        0.00199        0.00500              1
Psco_433                                      2        1.11191       -0.00000        0.00042        0.00500              1
Psco_465                                      2        1.36652        0.00000        0.00483        0.00500              1
Psco_473                                      2        6.52566       -0.00000        0.00816        0.00500              1
Psco_105                                      2       -5.22112       -0.00000       -0.00483        0.00500              1
Psco_121                                      2        8.38841       -0.00000        0.00873        0.00500              1
Psco_169                                      2        0.69501        0.00000        0.00157        0.00500              1
Psco_307                                      2        1.98980       -0.00000        0.00484        0.00500              1
Psco_482                                      2       -4.56773       -0.00000        0.00139        0.00500              1
Psco_490                                      2        2.19715       -0.00000       -0.00005        0.00500              1
Psco_114                                      2       -4.78097       -0.00000       -0.00367        0.00500              1
Psco_130                                      2        3.08549       -0.00000        0.00508        0.00500              1
Psco_251                                      2       -3.04286       -0.00000       -0.00403        0.00500              1
Psco_284                                      2       -3.47371       -0.00000       -0.00311        0.00500              1
Psco_308                                      2       -2.43210       -0.00000       -0.00003        0.00500              1
Psco_332                                      2       -1.50910       -0.00000       -0.00066        0.00500              1
Psco_412                                      2        1.41254       -0.00000        0.00672        0.00500              1
Psco_484                                      2        3.51394       -0.00000        0.00631        0.00500              1
Psco_124                                      2       -6.17136        0.00000       -0.00285        0.00500              1
Psco_164                                      2        1.17739       -0.00000       -0.00176        0.00500              1
Psco_180                                      2       -4.98712        0.00000       -0.00525        0.00500              1
Psco_213                                      2       -2.46444       -0.00000       -0.00275        0.00500              1
Psco_279                                      2        0.23205       -0.00000        0.00499        0.00500              1
Psco_351                                      2        1.45034       -0.00000        0.00569        0.00500              1
Psco_478                                      2        0.58729       -0.00000        0.00636        0.00500              1
Psco_486                                      2        2.93323        0.00000        0.00478        0.00500              1
Psco_494                                      2       -4.01926        0.00000        0.00285        0.00500              1
Psco_118                                      2        2.73915        0.00000        0.00394        0.00500              1
Psco_447                                      2        5.08015        0.00000        0.00745        0.00500              1
Psco_487                                      2       -3.52304        0.00000        0.00249        0.00500              1
Psco_495                                      2        2.79562       -0.00000       -0.00080        0.00500              1
Psco_902                                      2        2.99479       -0.00000        0.00517        0.00500              1
Psco_910                                      2       -2.33999        0.00000        0.00131        0.00500              1
Psco_926                                      2       -2.87270       -0.00000       -0.00259        0.00500              1
Psco_991                                      2       -1.11224       -0.00000        0.00278        0.00500              1
Psco_943                                      2        5.17163       -0.00000        0.00610        0.00500              1
Psco_1016                                     2        0.97485       -0.00000        0.00495        0.00500              1
Psco_936                                      2        5.59726        0.00000        0.00582        0.00500              1
Psco_953                                      2       -0.12108        0.00000        0.00549        0.00500              1
Psco_1034                                     2       -1.65374       -0.00000        0.00300        0.00500              1
Psco_954                                      2        2.55830       -0.00000        0.00606        0.00500              1
Psco_962                                      2        4.11483       -0.00000        0.00296        0.00500              1
Psco_986                                      2       -9.68055       -0.00000       -0.00717        0.00500              1
Psco_907                                      2        6.57966       -0.00000        0.00813        0.00500              1
Psco_915                                      2        3.63075       -0.00000        0.00221        0.00500              1
Psco_987                                      2        4.31939       -0.00000        0.00487        0.00500              1
Psco_996                                      2       -4.15694        0.00000       -0.00491        0.00500              1
Psco_1004                                     2        0.66954        0.00000        0.00226        0.00500              1
Psco_1028                                     2        4.94842       -0.00000        0.00616        0.00500              1
Psco_917                                      2        2.13636       -0.00000        0.00463        0.00500              1
Psco_925                                      2       -1.73750       -0.00000       -0.00273        0.00500              1
Psco_941                                      2       -4.74709       -0.00000        0.00124        0.00500              1
Psco_973                                      2        0.71514       -0.00000        0.00211        0.00500              1
Psco_504                                      2       -1.59486       -0.00000       -0.00249        0.00500              1
Psco_632                                      2        4.31098       -0.00000        0.00676        0.00500              1
Psco_765                                      2       -3.40416       -0.00000       -0.00281        0.00500              1
Psco_869                                      2        0.64652       -0.00000        0.00520        0.00500              1
Psco_593                                      2        0.99071       -0.00000        0.00101        0.00500              1
Psco_553                                      2       -1.38798       -0.00000        0.00230        0.00500              1
Psco_798                                      2        2.78920       -0.00000        0.00486        0.00500              1
Psco_814                                      2        8.22490        0.00000        0.00970        0.00500              1
Psco_758                                      2        0.35419       -0.00000       -0.00057        0.00500              1
Psco_610                                      2       -2.89094        0.00000        0.00060        0.00500              1
Psco_626                                      2        2.93402       -0.00000        0.00100        0.00500              1
Psco_634                                      2       -3.19152        0.00000        0.00105        0.00500              1
Psco_642                                      2        1.60881       -0.00000        0.00587        0.00500              1
Psco_658                                      2        3.62850       -0.00000        0.00307        0.00500              1
Psco_586                                      2        1.08409       -0.00000        0.00684        0.00500              1
Psco_706                                      2        2.99665        0.00000        0.00637        0.00500              1
Psco_751                                      2        1.23462       -0.00000        0.00271        0.00500              1
Psco_539                                      2        4.72569        0.00000        0.00778        0.00500              1
Psco_760                                      2        2.70912        0.00000        0.00527        0.00500              1
Psco_864                                      2        4.34986        0.00000        0.00216        0.00500              1
Psco_524                                      2        2.15665       -0.00000        0.00535        0.00500              1
Psco_668                                      2        5.33156       -0.00000        0.00272        0.00500              1
Psco_777                                      2        1.21731       -0.00000        0.00084        0.00500              1
Psco_509                                      2        5.18209       -0.00000        0.00738        0.00500              1
Psco_541                                      2        2.10831        0.00000        0.00256        0.00500              1
Psco_581                                      2        1.70597       -0.00000        0.00278        0.00500              1
Psco_770                                      2        0.84811       -0.00000        0.00427        0.00500              1
Psco_654                                      2       -2.37426        0.00000        0.00159        0.00500              1
Psco_710                                      2        2.36823       -0.00000        0.00592        0.00500              1
Psco_747                                      2       -2.66015       -0.00000        0.00056        0.00500              1
Psco_771                                      2        4.26476        0.00000        0.00630        0.00500              1
Psco_527                                      2        8.25162       -0.00000        0.00921        0.00500              1
Psco_679                                      2       -0.20676       -0.00000        0.00234        0.00500              1
Psco_687                                      2        2.37984        0.00000        0.00432        0.00500              1
Psco_860                                      2       -2.03945       -0.00000        0.00376        0.00500              1
