                              Id         Gender   SelCriterion AvgCoancestryA AvgCoancestryC   Contribution  nContribution
Psco_1047                                     1        2.99534       -0.00000       -0.00049        0.01000              2
Psco_842                                      1        3.24342        0.00000       -0.00053        0.01000              2
Psco_890                                      1       -8.86672       -0.00000       -0.00069        0.01000              2
Psco_167                                      1       -0.11748       -0.00000        0.00005        0.00500              1
Psco_370                                      1       -0.79867       -0.00000        0.00056        0.00500              1
Psco_193                                      1       -1.61165        0.00000        0.00263        0.00500              1
Psco_201                                      1       -3.27403       -0.00000        0.00067        0.00500              1
Psco_275                                      1       -0.92757       -0.00000        0.00129        0.00500              1
Psco_283                                      1       -2.24423       -0.00000        0.00152        0.00500              1
Psco_434                                      1        7.46813       -0.00000        0.00050        0.00500              1
Psco_450                                      1       -5.98549       -0.00000        0.00115        0.00500              1
Psco_115                                      1       -7.37558       -0.00000        0.00035        0.00500              1
Psco_147                                      1       -8.23319       -0.00000        0.00101        0.00500              1
Psco_171                                      1       -3.55764       -0.00000        0.00189        0.00500              1
Psco_179                                      1       -2.65675       -0.00000        0.00053        0.00500              1
Psco_293                                      1        1.53129       -0.00000       -0.00071        0.00500              1
Psco_317                                      1       10.89538       -0.00000        0.00272        0.00500              1
Psco_333                                      1      -11.67136       -0.00000        0.00164        0.00500              1
Psco_341                                      1       -0.84781       -0.00000       -0.00003        0.00500              1
Psco_413                                      1       -8.05135       -0.00000        0.00081        0.00500              1
Psco_421                                      1        1.31849        0.00000        0.00178        0.00500              1
Psco_461                                      1       -1.29133       -0.00000       -0.00076        0.00500              1
Psco_493                                      1        0.30008       -0.00000        0.00098        0.00500              1
Psco_117                                      1       -8.98658        0.00000        0.00215        0.00500              1
Psco_141                                      1        8.00797        0.00000        0.00190        0.00500              1
Psco_165                                      1       -7.29399        0.00000        0.00233        0.00500              1
Psco_173                                      1      -10.18692        0.00000        0.00263        0.00500              1
Psco_303                                      1       -2.66659       -0.00000       -0.00019        0.00500              1
Psco_430                                      1       -4.83198        0.00000       -0.00099        0.00500              1
Psco_367                                      1       -6.94184        0.00000        0.00216        0.00500              1
Psco_383                                      1      -10.80669       -0.00000        0.00130        0.00500              1
Psco_206                                      1       -3.95861       -0.00000        0.00046        0.00500              1
Psco_222                                      1       -4.23603       -0.00000       -0.00035        0.00500              1
Psco_264                                      1       -8.34119       -0.00000       -0.00020        0.00500              1
Psco_288                                      1       -6.53955       -0.00000       -0.00040        0.00500              1
Psco_392                                      1       -5.68110       -0.00000       -0.00037        0.00500              1
Psco_1030                                     1       -4.85405       -0.00000        0.00332        0.00500              1
Psco_982                                      1       -2.56176       -0.00000        0.00195        0.00500              1
Psco_911                                      1        1.12400       -0.00000        0.00057        0.00500              1
Psco_927                                      1        3.42636       -0.00000        0.00035        0.00500              1
Psco_1031                                     1        6.35913        0.00000       -0.00013        0.00500              1
Psco_983                                      1       -0.60237        0.00000        0.00243        0.00500              1
Psco_920                                      1       -2.33941       -0.00000        0.00057        0.00500              1
Psco_968                                      1        5.75496       -0.00000       -0.00015        0.00500              1
Psco_913                                      1        4.33312       -0.00000       -0.00011        0.00500              1
Psco_945                                      1        0.75875        0.00000        0.00183        0.00500              1
Psco_1057                                     1       -2.17383       -0.00000        0.00089        0.00500              1
Psco_1002                                     1        0.20554        0.00000       -0.00069        0.00500              1
Psco_1058                                     1       -4.38154       -0.00000        0.00295        0.00500              1
Psco_1011                                     1        0.39158       -0.00000       -0.00063        0.00500              1
Psco_955                                      1       -2.11695        0.00000        0.00294        0.00500              1
Psco_971                                      1       -0.23207        0.00000        0.00224        0.00500              1
Psco_1020                                     1       -5.00265       -0.00000        0.00215        0.00500              1
Psco_949                                      1       -7.29209       -0.00000        0.00125        0.00500              1
Psco_965                                      1        6.61420        0.00000       -0.00026        0.00500              1
Psco_415                                      1       -5.13041       -0.00000        0.00312        0.00500              1
Psco_592                                      1       -5.10744       -0.00000       -0.00085        0.00500              1
Psco_600                                      1        3.02645       -0.00000       -0.00058        0.00500              1
Psco_576                                      1        5.90196        0.00000        0.00031        0.00500              1
Psco_789                                      1        2.99784        0.00000        0.00199        0.00500              1
Psco_625                                      1       -4.68336       -0.00000       -0.00028        0.00500              1
Psco_697                                      1        1.28897       -0.00000        0.00016        0.00500              1
Psco_713                                      1        5.38083        0.00000        0.00039        0.00500              1
Psco_886                                      1       -0.18038       -0.00000       -0.00062        0.00500              1
Psco_522                                      1        2.41766       -0.00000        0.00161        0.00500              1
Psco_530                                      1       -0.62365       -0.00000        0.00118        0.00500              1
Psco_538                                      1       -2.79236       -0.00000        0.00062        0.00500              1
Psco_562                                      1        2.88110        0.00000        0.00251        0.00500              1
Psco_722                                      1        1.16788       -0.00000       -0.00064        0.00500              1
Psco_555                                      1        4.68037       -0.00000       -0.00187        0.00500              1
Psco_683                                      1       -5.68940       -0.00000       -0.00169        0.00500              1
Psco_776                                      1        1.99187       -0.00000       -0.00055        0.00500              1
Psco_880                                      1       -6.54514       -0.00000        0.00161        0.00500              1
Psco_532                                      1        0.04960       -0.00000        0.00036        0.00500              1
Psco_652                                      1        0.50754       -0.00000        0.00016        0.00500              1
Psco_580                                      1        4.28015        0.00000       -0.00021        0.00500              1
Psco_708                                      1       -3.31773       -0.00000        0.00054        0.00500              1
Psco_793                                      1       -0.18807        0.00000        0.00117        0.00500              1
Psco_517                                      1       -6.48982       -0.00000       -0.00076        0.00500              1
Psco_549                                      1       -5.25427       -0.00000        0.00022        0.00500              1
Psco_669                                      1        5.30613       -0.00000       -0.00142        0.00500              1
Psco_589                                      1        2.71920        0.00000        0.00001        0.00500              1
Psco_685                                      1        3.04273       -0.00000        0.00019        0.00500              1
Psco_693                                      1      -10.55528        0.00000        0.00145        0.00500              1
Psco_802                                      1       -4.14422       -0.00000        0.00135        0.00500              1
Psco_826                                      1       -2.03983       -0.00000        0.00132        0.00500              1
Psco_754                                      1        2.95137       -0.00000        0.00164        0.00500              1
Psco_778                                      1       -0.75853       -0.00000       -0.00006        0.00500              1
Psco_534                                      1       -5.03029       -0.00000       -0.00147        0.00500              1
Psco_678                                      1       -5.24556       -0.00000        0.00123        0.00500              1
Psco_867                                      1       -1.23878       -0.00000        0.00124        0.00500              1
Psco_779                                      1       -0.96653        0.00000        0.00213        0.00500              1
Psco_607                                      1       -1.04508        0.00000        0.00073        0.00500              1
Psco_551                                      1       -3.34112       -0.00000        0.00217        0.00500              1
Psco_591                                      1       -1.54044       -0.00000        0.00206        0.00500              1
Psco_804                                      1        5.92221       -0.00000       -0.00072        0.00500              1
Psco_852                                      1        0.43438       -0.00000       -0.00028        0.00500              1
Psco_986                                      2       -9.68055       -0.00000        0.00072        0.00500              1
Psco_143                                      2       -8.88191       -0.00000        0.00195        0.00500              1
Psco_248                                      2        2.07406       -0.00000       -0.00193        0.00500              1
Psco_256                                      2       -3.40108       -0.00000        0.00002        0.00500              1
Psco_385                                      2       -9.99417       -0.00000        0.00177        0.00500              1
Psco_432                                      2       -2.60041        0.00000        0.00383        0.00500              1
Psco_464                                      2       -3.33179       -0.00000       -0.00055        0.00500              1
Psco_472                                      2       -0.29385        0.00000        0.00118        0.00500              1
Psco_480                                      2       -2.22236       -0.00000       -0.00045        0.00500              1
Psco_112                                      2       -3.08339       -0.00000        0.00118        0.00500              1
Psco_128                                      2       -5.69139       -0.00000        0.00025        0.00500              1
Psco_144                                      2       -4.29287       -0.00000        0.00013        0.00500              1
Psco_386                                      2       -8.08867        0.00000        0.00200        0.00500              1
Psco_417                                      2       -0.26636        0.00000       -0.00034        0.00500              1
Psco_457                                      2       -2.79685        0.00000       -0.00040        0.00500              1
Psco_481                                      2        3.51403       -0.00000       -0.00112        0.00500              1
Psco_105                                      2       -5.22112       -0.00000        0.00110        0.00500              1
Psco_169                                      2        0.69501        0.00000        0.00131        0.00500              1
Psco_307                                      2        1.98980       -0.00000       -0.00158        0.00500              1
Psco_106                                      2       -4.36212       -0.00000        0.00032        0.00500              1
Psco_268                                      2      -10.98700       -0.00000        0.00011        0.00500              1
Psco_284                                      2       -3.47371       -0.00000        0.00035        0.00500              1
Psco_388                                      2       -5.39232       -0.00000        0.00078        0.00500              1
Psco_324                                      2       -3.59380        0.00000        0.00199        0.00500              1
Psco_211                                      2       -5.83404        0.00000        0.00200        0.00500              1
Psco_310                                      2       -9.68325        0.00000        0.00206        0.00500              1
Psco_326                                      2      -10.12349        0.00000        0.00205        0.00500              1
Psco_205                                      2        4.78503       -0.00000        0.00228        0.00500              1
Psco_221                                      2       -5.56754        0.00000        0.00175        0.00500              1
Psco_263                                      2       -8.03144       -0.00000        0.00063        0.00500              1
Psco_271                                      2       -9.49153       -0.00000        0.00078        0.00500              1
Psco_279                                      2        0.23205       -0.00000        0.00030        0.00500              1
Psco_478                                      2        0.58729       -0.00000        0.00227        0.00500              1
Psco_118                                      2        2.73915        0.00000       -0.00175        0.00500              1
Psco_134                                      2       -5.31814       -0.00000        0.00041        0.00500              1
Psco_150                                      2      -12.11599       -0.00000        0.00174        0.00500              1
Psco_166                                      2      -14.64238        0.00000        0.00120        0.00500              1
Psco_174                                      2       -5.27876        0.00000       -0.00068        0.00500              1
Psco_447                                      2        5.08015        0.00000        0.00077        0.00500              1
Psco_487                                      2       -3.52304        0.00000        0.00088        0.00500              1
Psco_902                                      2        2.99479       -0.00000        0.00021        0.00500              1
Psco_910                                      2       -2.33999        0.00000        0.00127        0.00500              1
Psco_926                                      2       -2.87270       -0.00000        0.00132        0.00500              1
Psco_1046                                     2       -1.82727        0.00000        0.00132        0.00500              1
Psco_903                                      2        1.77622       -0.00000       -0.00135        0.00500              1
Psco_919                                      2        1.02341        0.00000       -0.00096        0.00500              1
Psco_943                                      2        5.17163       -0.00000        0.00052        0.00500              1
Psco_1055                                     2       -6.99858       -0.00000        0.00160        0.00500              1
Psco_1016                                     2        0.97485       -0.00000        0.00011        0.00500              1
Psco_1024                                     2       -1.27877       -0.00000        0.00002        0.00500              1
Psco_897                                      2       -5.90899        0.00000       -0.00113        0.00500              1
Psco_953                                      2       -0.12108        0.00000        0.00176        0.00500              1
Psco_906                                      2        2.93661       -0.00000       -0.00050        0.00500              1
Psco_946                                      2        4.60642       -0.00000        0.00070        0.00500              1
Psco_954                                      2        2.55830       -0.00000       -0.00041        0.00500              1
Psco_995                                      2       -1.45778        0.00000       -0.00130        0.00500              1
Psco_907                                      2        6.57966       -0.00000        0.00060        0.00500              1
Psco_915                                      2        3.63075       -0.00000       -0.00146        0.00500              1
Psco_931                                      2        2.65309       -0.00000       -0.00106        0.00500              1
Psco_987                                      2        4.31939       -0.00000        0.00071        0.00500              1
Psco_1028                                     2        4.94842       -0.00000        0.00078        0.00500              1
Psco_972                                      2        0.67268       -0.00000        0.00021        0.00500              1
Psco_997                                      2        1.81543       -0.00000        0.00135        0.00500              1
Psco_941                                      2       -4.74709       -0.00000       -0.00019        0.00500              1
Psco_1053                                     2        3.92565       -0.00000       -0.00198        0.00500              1
Psco_336                                      2       -4.82682       -0.00000        0.00080        0.00500              1
Psco_496                                      2        0.01526       -0.00000        0.00172        0.00500              1
Psco_504                                      2       -1.59486       -0.00000        0.00077        0.00500              1
Psco_520                                      2       -4.01945       -0.00000        0.00102        0.00500              1
Psco_632                                      2        4.31098       -0.00000        0.00038        0.00500              1
Psco_560                                      2        3.23834       -0.00000       -0.00114        0.00500              1
Psco_829                                      2        1.96077       -0.00000       -0.00073        0.00500              1
Psco_869                                      2        0.64652       -0.00000        0.00208        0.00500              1
Psco_885                                      2        5.26812       -0.00000        0.00078        0.00500              1
Psco_553                                      2       -1.38798       -0.00000       -0.00074        0.00500              1
Psco_798                                      2        2.78920       -0.00000       -0.00050        0.00500              1
Psco_814                                      2        8.22490        0.00000        0.00045        0.00500              1
Psco_758                                      2        0.35419       -0.00000       -0.00023        0.00500              1
Psco_870                                      2       -5.72582       -0.00000       -0.00002        0.00500              1
Psco_634                                      2       -3.19152        0.00000        0.00187        0.00500              1
Psco_690                                      2       -5.59657       -0.00000        0.00204        0.00500              1
Psco_831                                      2       -1.60014       -0.00000        0.00151        0.00500              1
Psco_675                                      2        1.44369       -0.00000        0.00011        0.00500              1
Psco_808                                      2       -0.41040       -0.00000       -0.00060        0.00500              1
Psco_760                                      2        2.70912        0.00000        0.00043        0.00500              1
Psco_841                                      2        1.90623       -0.00000        0.00048        0.00500              1
Psco_777                                      2        1.21731       -0.00000       -0.00079        0.00500              1
Psco_785                                      2       -1.20516       -0.00000       -0.00051        0.00500              1
Psco_565_2                                    2       -0.77738       -0.00000        0.00299        0.00500              1
Psco_581                                      2        1.70597       -0.00000        0.00269        0.00500              1
Psco_770                                      2        0.84811       -0.00000        0.00115        0.00500              1
Psco_542                                      2       -4.98960       -0.00000        0.00204        0.00500              1
Psco_646                                      2       -6.50550       -0.00000       -0.00030        0.00500              1
Psco_654                                      2       -2.37426        0.00000        0.00258        0.00500              1
Psco_686                                      2       -0.32250       -0.00000        0.00039        0.00500              1
Psco_835                                      2      -15.24369       -0.00000        0.00126        0.00500              1
Psco_771                                      2        4.26476        0.00000       -0.00049        0.00500              1
Psco_527                                      2        8.25162       -0.00000       -0.00073        0.00500              1
Psco_687                                      2        2.37984        0.00000       -0.00057        0.00500              1
Psco_828                                      2       -2.05274       -0.00000        0.00299        0.00500              1
