                              Id         Gender   SelCriterion AvgCoancestryA AvgCoancestryC   Contribution  nContribution
Psco_1031                                     1        6.35913        0.00000        0.00432        0.01500              3
Psco_514                                      1        3.34343        0.00000        0.00102        0.01500              3
Psco_597                                      1        4.56892        0.00000        0.00513        0.01500              3
Psco_842                                      1        3.24342        0.00000       -0.00054        0.01500              3
Psco_167                                      1       -0.11748       -0.00000       -0.00127        0.01000              2
Psco_322                                      1       -3.30128       -0.00000       -0.00197        0.01000              2
Psco_362                                      1        2.35440        0.00000        0.00452        0.01000              2
Psco_434                                      1        7.46813       -0.00000        0.00553        0.01000              2
Psco_210                                      1        7.80299        0.00000        0.00380        0.01000              2
Psco_419                                      1        4.44782       -0.00000        0.00150        0.01000              2
Psco_155                                      1       -2.47408       -0.00000       -0.00202        0.01000              2
Psco_293                                      1        1.53129       -0.00000        0.00451        0.01000              2
Psco_341                                      1       -0.84781       -0.00000       -0.00096        0.01000              2
Psco_493                                      1        0.30008       -0.00000       -0.00080        0.01000              2
Psco_141                                      1        8.00797        0.00000        0.00360        0.01000              2
Psco_430                                      1       -4.83198        0.00000       -0.00344        0.01000              2
Psco_446                                      1        8.11091       -0.00000        0.00483        0.01000              2
Psco_1057                                     1       -2.17383       -0.00000       -0.00305        0.01000              2
Psco_1026                                     1       -3.08031       -0.00000       -0.00391        0.01000              2
Psco_1013                                     1        2.47377       -0.00000        0.00215        0.01000              2
Psco_552                                      1        6.36646       -0.00000        0.00188        0.01000              2
Psco_576                                      1        5.90196        0.00000        0.00466        0.01000              2
Psco_562                                      1        2.88110        0.00000       -0.00011        0.01000              2
Psco_698                                      1       -0.95327       -0.00000        0.00030        0.01000              2
Psco_499                                      1        7.23321        0.00000        0.00314        0.01000              2
Psco_580                                      1        4.28015        0.00000        0.00405        0.01000              2
Psco_693                                      1      -10.55528        0.00000       -0.00371        0.01000              2
Psco_192                                      1       -3.29683       -0.00000        0.00130        0.00500              1
Psco_275                                      1       -0.92757       -0.00000        0.00340        0.00500              1
Psco_283                                      1       -2.24423       -0.00000        0.00050        0.00500              1
Psco_467                                      1        0.05231       -0.00000        0.00065        0.00500              1
Psco_491                                      1       -8.67696       -0.00000       -0.00329        0.00500              1
Psco_317                                      1       10.89538       -0.00000        0.00447        0.00500              1
Psco_373                                      1       -1.10048        0.00000        0.00334        0.00500              1
Psco_421                                      1        1.31849        0.00000        0.00244        0.00500              1
Psco_383                                      1      -10.80669       -0.00000       -0.00377        0.00500              1
Psco_206                                      1       -3.95861       -0.00000       -0.00197        0.00500              1
Psco_280                                      1       -2.30976       -0.00000        0.00055        0.00500              1
Psco_1006                                     1        4.60988        0.00000        0.00166        0.00500              1
Psco_982                                      1       -2.56176       -0.00000        0.00321        0.00500              1
Psco_983                                      1       -0.60237        0.00000       -0.00146        0.00500              1
Psco_1048                                     1       -3.69825       -0.00000        0.00074        0.00500              1
Psco_994                                      1        0.13770       -0.00000        0.00091        0.00500              1
Psco_949                                      1       -7.29209       -0.00000       -0.00253        0.00500              1
Psco_965                                      1        6.61420        0.00000        0.00473        0.00500              1
Psco_713                                      1        5.38083        0.00000        0.00472        0.00500              1
Psco_886                                      1       -0.18038       -0.00000       -0.00043        0.00500              1
Psco_530                                      1       -0.62365       -0.00000       -0.00126        0.00500              1
Psco_538                                      1       -2.79236       -0.00000        0.00009        0.00500              1
Psco_682                                      1       -0.13009        0.00000        0.00230        0.00500              1
Psco_839                                      1        2.38478       -0.00000        0.00100        0.00500              1
Psco_547                                      1       -2.10392       -0.00000       -0.00250        0.00500              1
Psco_555                                      1        4.68037       -0.00000        0.00175        0.00500              1
Psco_563                                      1        2.57739        0.00000        0.00318        0.00500              1
Psco_579                                      1        5.77894       -0.00000        0.00574        0.00500              1
Psco_776                                      1        1.99187       -0.00000        0.00077        0.00500              1
Psco_880                                      1       -6.54514       -0.00000       -0.00272        0.00500              1
Psco_769                                      1        3.51530       -0.00000        0.00169        0.00500              1
Psco_873                                      1        3.77040       -0.00000        0.00588        0.00500              1
Psco_589                                      1        2.71920        0.00000        0.00512        0.00500              1
Psco_802                                      1       -4.14422       -0.00000       -0.00049        0.00500              1
Psco_826                                      1       -2.03983       -0.00000       -0.00085        0.00500              1
Psco_778                                      1       -0.75853       -0.00000        0.00114        0.00500              1
Psco_638                                      1        2.63162       -0.00000        0.00036        0.00500              1
Psco_867                                      1       -1.23878       -0.00000       -0.00110        0.00500              1
Psco_623                                      1        0.11398       -0.00000        0.00343        0.00500              1
Psco_647                                      1       -0.26428       -0.00000        0.00132        0.00500              1
Psco_804                                      1        5.92221       -0.00000        0.00176        0.00500              1
Psco_868                                      1        2.64859        0.00000        0.00427        0.00500              1
Psco_119                                      2       -8.34848       -0.00000       -0.00287        0.00500              1
Psco_143                                      2       -8.88191       -0.00000       -0.00226        0.00500              1
Psco_248                                      2        2.07406       -0.00000        0.00455        0.00500              1
Psco_256                                      2       -3.40108       -0.00000       -0.00184        0.00500              1
Psco_416                                      2       -2.04579       -0.00000        0.00057        0.00500              1
Psco_424                                      2       -4.44458       -0.00000       -0.00481        0.00500              1
Psco_432                                      2       -2.60041        0.00000        0.00345        0.00500              1
Psco_472                                      2       -0.29385        0.00000       -0.00050        0.00500              1
Psco_480                                      2       -2.22236       -0.00000        0.00264        0.00500              1
Psco_128                                      2       -5.69139       -0.00000        0.00076        0.00500              1
Psco_144                                      2       -4.29287       -0.00000       -0.00226        0.00500              1
Psco_176                                      2      -11.61180       -0.00000       -0.00460        0.00500              1
Psco_417                                      2       -0.26636        0.00000        0.00084        0.00500              1
Psco_425                                      2       -3.31275       -0.00000        0.00390        0.00500              1
Psco_457                                      2       -2.79685        0.00000        0.00054        0.00500              1
Psco_465                                      2        1.36652        0.00000        0.00560        0.00500              1
Psco_473                                      2        6.52566       -0.00000        0.00478        0.00500              1
Psco_481                                      2        3.51403       -0.00000        0.00117        0.00500              1
Psco_169                                      2        0.69501        0.00000        0.00345        0.00500              1
Psco_114                                      2       -4.78097       -0.00000       -0.00199        0.00500              1
Psco_130                                      2        3.08549       -0.00000        0.00388        0.00500              1
Psco_251                                      2       -3.04286       -0.00000       -0.00207        0.00500              1
Psco_276                                      2       -7.99260        0.00000        0.00194        0.00500              1
Psco_308                                      2       -2.43210       -0.00000        0.00278        0.00500              1
Psco_324                                      2       -3.59380        0.00000        0.00166        0.00500              1
Psco_332                                      2       -1.50910       -0.00000        0.00062        0.00500              1
Psco_243                                      2        2.28489       -0.00000        0.00340        0.00500              1
Psco_412                                      2        1.41254       -0.00000        0.00552        0.00500              1
Psco_484                                      2        3.51394       -0.00000        0.00355        0.00500              1
Psco_124                                      2       -6.17136        0.00000       -0.00230        0.00500              1
Psco_221                                      2       -5.56754        0.00000       -0.00139        0.00500              1
Psco_279                                      2        0.23205       -0.00000       -0.00162        0.00500              1
Psco_343                                      2        0.29827       -0.00000        0.00350        0.00500              1
Psco_478                                      2        0.58729       -0.00000        0.00295        0.00500              1
Psco_486                                      2        2.93323        0.00000        0.00542        0.00500              1
Psco_494                                      2       -4.01926        0.00000        0.00197        0.00500              1
Psco_150                                      2      -12.11599       -0.00000       -0.00355        0.00500              1
Psco_182                                      2       -2.42920       -0.00000       -0.00127        0.00500              1
Psco_190                                      2        0.37538       -0.00000        0.00308        0.00500              1
Psco_455                                      2       -0.01467       -0.00000        0.00421        0.00500              1
Psco_910                                      2       -2.33999        0.00000        0.00134        0.00500              1
Psco_1014                                     2       -1.40606       -0.00000        0.00303        0.00500              1
Psco_926                                      2       -2.87270       -0.00000       -0.00007        0.00500              1
Psco_991                                      2       -1.11224       -0.00000        0.00406        0.00500              1
Psco_935                                      2        3.25113        0.00000        0.00323        0.00500              1
Psco_912                                      2        1.82480       -0.00000        0.00399        0.00500              1
Psco_985                                      2       -3.00736       -0.00000        0.00093        0.00500              1
Psco_906                                      2        2.93661       -0.00000        0.00184        0.00500              1
Psco_1034                                     2       -1.65374       -0.00000       -0.00183        0.00500              1
Psco_946                                      2        4.60642       -0.00000        0.00278        0.00500              1
Psco_954                                      2        2.55830       -0.00000        0.00193        0.00500              1
Psco_995                                      2       -1.45778        0.00000        0.00255        0.00500              1
Psco_915                                      2        3.63075       -0.00000        0.00243        0.00500              1
Psco_963                                      2       -2.37587        0.00000       -0.00388        0.00500              1
Psco_987                                      2        4.31939       -0.00000        0.00265        0.00500              1
Psco_924                                      2       -1.32713       -0.00000        0.00008        0.00500              1
Psco_1028                                     2        4.94842       -0.00000        0.00256        0.00500              1
Psco_917                                      2        2.13636       -0.00000        0.00154        0.00500              1
Psco_941                                      2       -4.74709       -0.00000        0.00142        0.00500              1
Psco_973                                      2        0.71514       -0.00000        0.00437        0.00500              1
Psco_319                                      2       -6.53900       -0.00000       -0.00072        0.00500              1
Psco_496                                      2        0.01526       -0.00000        0.00001        0.00500              1
Psco_520                                      2       -4.01945       -0.00000        0.00144        0.00500              1
Psco_632                                      2        4.31098       -0.00000        0.00291        0.00500              1
Psco_829                                      2        1.96077       -0.00000        0.00069        0.00500              1
Psco_845                                      2        4.47427       -0.00000        0.00111        0.00500              1
Psco_765                                      2       -3.40416       -0.00000       -0.00074        0.00500              1
Psco_869                                      2        0.64652       -0.00000        0.00338        0.00500              1
Psco_593                                      2        0.99071       -0.00000       -0.00059        0.00500              1
Psco_585                                      2        7.85518       -0.00000        0.00388        0.00500              1
Psco_814                                      2        8.22490        0.00000        0.00442        0.00500              1
Psco_750                                      2        4.12812       -0.00000        0.00308        0.00500              1
Psco_758                                      2        0.35419       -0.00000        0.00000        0.00500              1
Psco_870                                      2       -5.72582       -0.00000        0.00032        0.00500              1
Psco_498                                      2       -0.06725       -0.00000        0.00419        0.00500              1
Psco_602                                      2        2.27690       -0.00000        0.00451        0.00500              1
Psco_610                                      2       -2.89094        0.00000        0.00082        0.00500              1
Psco_618                                      2        0.49918       -0.00000       -0.00017        0.00500              1
Psco_642                                      2        1.60881       -0.00000        0.00587        0.00500              1
Psco_658                                      2        3.62850       -0.00000        0.00135        0.00500              1
Psco_666                                      2       -1.66516       -0.00000        0.00430        0.00500              1
Psco_586                                      2        1.08409       -0.00000        0.00162        0.00500              1
Psco_815                                      2        5.52385        0.00000        0.00462        0.00500              1
Psco_831                                      2       -1.60014       -0.00000        0.00047        0.00500              1
Psco_847                                      2       -4.37974       -0.00000        0.00069        0.00500              1
Psco_760                                      2        2.70912        0.00000       -0.00114        0.00500              1
Psco_864                                      2        4.34986        0.00000        0.00235        0.00500              1
Psco_668                                      2        5.33156       -0.00000        0.00105        0.00500              1
Psco_700                                      2        4.30997       -0.00000        0.00601        0.00500              1
Psco_509                                      2        5.18209       -0.00000        0.00261        0.00500              1
Psco_565_2                                    2       -0.77738       -0.00000        0.00323        0.00500              1
Psco_770                                      2        0.84811       -0.00000        0.00292        0.00500              1
Psco_874                                      2        3.50643       -0.00000        0.00281        0.00500              1
Psco_794                                      2        2.28090       -0.00000        0.00004        0.00500              1
Psco_654                                      2       -2.37426        0.00000        0.00318        0.00500              1
Psco_747                                      2       -2.66015       -0.00000        0.00384        0.00500              1
Psco_543                                      2        1.88325       -0.00000        0.00471        0.00500              1
Psco_679                                      2       -0.20676       -0.00000        0.00339        0.00500              1
Psco_687                                      2        2.37984        0.00000        0.00309        0.00500              1
Psco_828                                      2       -2.05274       -0.00000        0.00366        0.00500              1
