                              Id         Gender   SelCriterion AvgCoancestryA AvgCoancestryC   Contribution  nContribution
Psco_167                                      1       -0.11748       -0.00000       -0.01881        0.01500              3
Psco_434                                      1        7.46813       -0.00000        0.02017        0.01500              3
Psco_210                                      1        7.80299        0.00000        0.02100        0.01500              3
Psco_467                                      1        0.05231       -0.00000       -0.01706        0.01500              3
Psco_317                                      1       10.89538       -0.00000        0.02199        0.01500              3
Psco_141                                      1        8.00797        0.00000        0.02078        0.01500              3
Psco_446                                      1        8.11091       -0.00000        0.01892        0.01500              3
Psco_1006                                     1        4.60988        0.00000        0.02302        0.01500              3
Psco_1031                                     1        6.35913        0.00000        0.02007        0.01500              3
Psco_1047                                     1        2.99534       -0.00000        0.01155        0.01500              3
Psco_968                                      1        5.75496       -0.00000        0.01554        0.01500              3
Psco_913                                      1        4.33312       -0.00000        0.01218        0.01500              3
Psco_994                                      1        0.13770       -0.00000       -0.01884        0.01500              3
Psco_900                                      1        3.23476       -0.00000        0.01328        0.01500              3
Psco_965                                      1        6.61420        0.00000        0.02272        0.01500              3
Psco_552                                      1        6.36646       -0.00000        0.01684        0.01500              3
Psco_576                                      1        5.90196        0.00000        0.01563        0.01500              3
Psco_789                                      1        2.99784        0.00000        0.00688        0.01500              3
Psco_713                                      1        5.38083        0.00000        0.01999        0.01500              3
Psco_562                                      1        2.88110        0.00000        0.00583        0.01500              3
Psco_499                                      1        7.23321        0.00000        0.01949        0.01500              3
Psco_555                                      1        4.68037       -0.00000        0.02014        0.01500              3
Psco_579                                      1        5.77894       -0.00000        0.01561        0.01500              3
Psco_508                                      1        6.55579       -0.00000        0.02102        0.01500              3
Psco_516                                      1        4.59407        0.00000        0.02001        0.01500              3
Psco_769                                      1        3.51530       -0.00000        0.01814        0.01500              3
Psco_873                                      1        3.77040       -0.00000        0.01413        0.01500              3
Psco_597                                      1        4.56892        0.00000        0.01475        0.01500              3
Psco_669                                      1        5.30613       -0.00000        0.02120        0.01500              3
Psco_804                                      1        5.92221       -0.00000        0.01857        0.01500              3
Psco_530                                      1       -0.62365       -0.00000       -0.02193        0.01000              2
Psco_558                                      1        1.99680       -0.00000        0.00322        0.01000              2
Psco_419                                      1        4.44782       -0.00000        0.02293        0.00500              1
Psco_1032                                     1        4.44975       -0.00000        0.01871        0.00500              1
Psco_563                                      1        2.57739        0.00000        0.01230        0.00500              1
Psco_842                                      1        3.24342        0.00000        0.01614        0.00500              1
Psco_754                                      1        2.95137       -0.00000        0.01310        0.00500              1
Psco_638                                      1        2.63162       -0.00000        0.00616        0.00500              1
Psco_103                                      2        1.51195       -0.00000        0.01466        0.00500              1
Psco_248                                      2        2.07406       -0.00000        0.01475        0.00500              1
Psco_416                                      2       -2.04579       -0.00000       -0.01887        0.00500              1
Psco_472                                      2       -0.29385        0.00000        0.00364        0.00500              1
Psco_112                                      2       -3.08339       -0.00000       -0.01732        0.00500              1
Psco_417                                      2       -0.26636        0.00000        0.00140        0.00500              1
Psco_433                                      2        1.11191       -0.00000        0.01686        0.00500              1
Psco_465                                      2        1.36652        0.00000        0.01369        0.00500              1
Psco_473                                      2        6.52566       -0.00000        0.01958        0.00500              1
Psco_481                                      2        3.51403       -0.00000        0.01975        0.00500              1
Psco_121                                      2        8.38841       -0.00000        0.02148        0.00500              1
Psco_169                                      2        0.69501        0.00000       -0.00168        0.00500              1
Psco_307                                      2        1.98980       -0.00000        0.01581        0.00500              1
Psco_490                                      2        2.19715       -0.00000        0.01548        0.00500              1
Psco_130                                      2        3.08549       -0.00000        0.01401        0.00500              1
Psco_332                                      2       -1.50910       -0.00000       -0.01833        0.00500              1
Psco_348                                      2        2.54974       -0.00000        0.01715        0.00500              1
Psco_243                                      2        2.28489       -0.00000        0.01559        0.00500              1
Psco_484                                      2        3.51394       -0.00000        0.01297        0.00500              1
Psco_492                                      2        3.10792       -0.00000        0.01745        0.00500              1
Psco_164                                      2        1.17739       -0.00000       -0.01959        0.00500              1
Psco_205                                      2        4.78503       -0.00000        0.01929        0.00500              1
Psco_213                                      2       -2.46444       -0.00000       -0.02087        0.00500              1
Psco_279                                      2        0.23205       -0.00000        0.00865        0.00500              1
Psco_351                                      2        1.45034       -0.00000        0.00986        0.00500              1
Psco_478                                      2        0.58729       -0.00000        0.01415        0.00500              1
Psco_486                                      2        2.93323        0.00000        0.01457        0.00500              1
Psco_118                                      2        2.73915        0.00000        0.01390        0.00500              1
Psco_447                                      2        5.08015        0.00000        0.01750        0.00500              1
Psco_495                                      2        2.79562       -0.00000        0.01591        0.00500              1
Psco_902                                      2        2.99479       -0.00000        0.01667        0.00500              1
Psco_991                                      2       -1.11224       -0.00000       -0.00651        0.00500              1
Psco_903                                      2        1.77622       -0.00000        0.02128        0.00500              1
Psco_935                                      2        3.25113        0.00000        0.01512        0.00500              1
Psco_943                                      2        5.17163       -0.00000        0.01415        0.00500              1
Psco_912                                      2        1.82480       -0.00000        0.01286        0.00500              1
Psco_936                                      2        5.59726        0.00000        0.01596        0.00500              1
Psco_906                                      2        2.93661       -0.00000        0.01899        0.00500              1
Psco_946                                      2        4.60642       -0.00000        0.01642        0.00500              1
Psco_954                                      2        2.55830       -0.00000        0.01295        0.00500              1
Psco_962                                      2        4.11483       -0.00000        0.00432        0.00500              1
Psco_907                                      2        6.57966       -0.00000        0.02022        0.00500              1
Psco_915                                      2        3.63075       -0.00000        0.01982        0.00500              1
Psco_931                                      2        2.65309       -0.00000        0.02186        0.00500              1
Psco_987                                      2        4.31939       -0.00000        0.01718        0.00500              1
Psco_1004                                     2        0.66954        0.00000        0.00361        0.00500              1
Psco_1028                                     2        4.94842       -0.00000        0.01969        0.00500              1
Psco_997                                      2        1.81543       -0.00000        0.01113        0.00500              1
Psco_917                                      2        2.13636       -0.00000        0.01057        0.00500              1
Psco_1053                                     2        3.92565       -0.00000        0.02297        0.00500              1
Psco_973                                      2        0.71514       -0.00000       -0.00844        0.00500              1
Psco_632                                      2        4.31098       -0.00000        0.01642        0.00500              1
Psco_640                                      2        2.73402       -0.00000        0.02092        0.00500              1
Psco_560                                      2        3.23834       -0.00000        0.02098        0.00500              1
Psco_829                                      2        1.96077       -0.00000        0.00919        0.00500              1
Psco_845                                      2        4.47427       -0.00000        0.01613        0.00500              1
Psco_869                                      2        0.64652       -0.00000        0.01424        0.00500              1
Psco_885                                      2        5.26812       -0.00000        0.02143        0.00500              1
Psco_593                                      2        0.99071       -0.00000        0.00290        0.00500              1
Psco_585                                      2        7.85518       -0.00000        0.01833        0.00500              1
Psco_798                                      2        2.78920       -0.00000        0.01602        0.00500              1
Psco_814                                      2        8.22490        0.00000        0.02416        0.00500              1
Psco_750                                      2        4.12812       -0.00000        0.01653        0.00500              1
Psco_846                                      2        2.09074       -0.00000        0.02075        0.00500              1
Psco_878                                      2        3.54309       -0.00000        0.01858        0.00500              1
Psco_498                                      2       -0.06725       -0.00000       -0.00754        0.00500              1
Psco_602                                      2        2.27690       -0.00000        0.01697        0.00500              1
Psco_626                                      2        2.93402       -0.00000        0.01741        0.00500              1
Psco_658                                      2        3.62850       -0.00000        0.02071        0.00500              1
Psco_586                                      2        1.08409       -0.00000        0.01314        0.00500              1
Psco_706                                      2        2.99665        0.00000        0.01156        0.00500              1
Psco_815                                      2        5.52385        0.00000        0.01980        0.00500              1
Psco_751                                      2        1.23462       -0.00000       -0.01412        0.00500              1
Psco_595                                      2        3.52603        0.00000        0.01402        0.00500              1
Psco_539                                      2        4.72569        0.00000        0.01433        0.00500              1
Psco_651                                      2        0.82051       -0.00000        0.00956        0.00500              1
Psco_667                                      2        3.22812       -0.00000        0.01678        0.00500              1
Psco_760                                      2        2.70912        0.00000        0.01071        0.00500              1
Psco_864                                      2        4.34986        0.00000        0.01842        0.00500              1
Psco_524                                      2        2.15665       -0.00000        0.01695        0.00500              1
Psco_668                                      2        5.33156       -0.00000        0.01873        0.00500              1
Psco_676                                      2        1.26470       -0.00000        0.00192        0.00500              1
Psco_684                                      2        1.37939        0.00000        0.02089        0.00500              1
Psco_700                                      2        4.30997       -0.00000        0.01568        0.00500              1
Psco_809                                      2        1.42119       -0.00000        0.01476        0.00500              1
Psco_777                                      2        1.21731       -0.00000        0.01900        0.00500              1
Psco_889                                      2        7.01167       -0.00000        0.02183        0.00500              1
Psco_509                                      2        5.18209       -0.00000        0.02090        0.00500              1
Psco_541                                      2        2.10831        0.00000        0.01848        0.00500              1
Psco_565_2                                    2       -0.77738       -0.00000       -0.00683        0.00500              1
Psco_581                                      2        1.70597       -0.00000       -0.00556        0.00500              1
Psco_770                                      2        0.84811       -0.00000       -0.01151        0.00500              1
Psco_874                                      2        3.50643       -0.00000        0.01683        0.00500              1
Psco_794                                      2        2.28090       -0.00000        0.00592        0.00500              1
Psco_502                                      2        1.18048       -0.00000        0.00134        0.00500              1
Psco_771                                      2        4.26476        0.00000        0.01202        0.00500              1
Psco_503                                      2        1.58948       -0.00000        0.01182        0.00500              1
Psco_527                                      2        8.25162       -0.00000        0.02402        0.00500              1
Psco_655                                      2        1.32139       -0.00000        0.01257        0.00500              1
Psco_687                                      2        2.37984        0.00000        0.01167        0.00500              1
