        Iteration        AcceptPct        Objective        Penalties   FrontierDegree     SelCriterion  SelCriterionStd  MaxSelCriterPct       Coancestry   CoancestryRate MinCoancestryPct       Inbreeding   InbreedingRate MinInbreedingPct
                0              NaN          0.47271          0.00000         69.66525         -0.13515          0.26415         23.63526          0.01093          0.01093         63.77551          0.00411          0.03421              NaN
                1         45.87814          0.54341          0.00000         67.61870          0.06542          0.30744         27.17039          0.01031          0.01031         65.98141         -0.00461          0.02575              NaN
              121          7.52688          0.98510          0.00000         60.01655          1.31841          0.57787         49.25523          0.00479          0.00479         85.36951          0.01051          0.04041              NaN
              234          5.01792          1.00853          0.00000         60.11644          1.38485          0.59221         50.42636          0.00411          0.00411         87.75238         -0.00752          0.02293              NaN
              344          2.86738          1.01857          0.00000         60.02364          1.41334          0.59836         50.92839          0.00395          0.00395         88.29466          0.00784          0.03782              NaN
              451          4.30108          1.02841          0.00000         60.01309          1.44125          0.60438         51.42032          0.00372          0.00372         89.10962         -0.00318          0.02714              NaN
              552          2.50896          1.03254          0.00000         60.05316          1.45297          0.60691         51.62699          0.00358          0.00358         89.61246         -0.00239          0.02790              NaN
              664          3.94265          1.03785          0.00000         60.03545          1.46804          0.61016         51.89255          0.00347          0.00347         90.00910          0.00534          0.03540              NaN
              776          2.50896          1.04344          0.00000         60.05419          1.48389          0.61358         52.17194          0.00331          0.00331         90.56213          0.00064          0.03084              NaN
              878          4.30108          1.04735          0.00000         60.01026          1.49498          0.61598         52.36744          0.00326          0.00326         90.74059          0.00651          0.03654              NaN
              997          2.50896          1.05012          0.00000         60.03220          1.50284          0.61767         52.50592          0.00317          0.00317         91.06106         -0.00344          0.02689              NaN
             1145          6.81004          1.05337          0.00000         60.00411          1.51207          0.61966         52.66856          0.00312          0.00312         91.23975         -0.00562          0.02478              NaN
             1248         20.78853          1.05655          0.00000         60.00064          1.52108          0.62161         52.82746          0.00304          0.00304         91.50220          0.00854          0.03850              NaN
             1368         21.50538          1.05814          0.00000         60.01151          1.52560          0.62258         52.90705          0.00299          0.00299         91.68021         -0.00721          0.02323              NaN
             1469         53.04660          1.05929          0.00000         60.01294          1.52886          0.62329         52.96463          0.00296          0.00296         91.78529         -0.00587          0.02453              NaN
             1500         34.05018          1.05933          0.00000         60.00207          1.52897          0.62331         52.96654          0.00297          0.00297         91.74838         -0.00590          0.02451              NaN
