        Iteration        AcceptPct        Objective        Penalties   FrontierDegree     SelCriterion  SelCriterionStd  MaxSelCriterPct       Coancestry   CoancestryRate MinCoancestryPct       Inbreeding   InbreedingRate MinInbreedingPct
                0              NaN          0.40604          0.00000         66.79601          0.00468          0.29433         26.09986          0.01176          0.01176         60.88384          0.00650          0.03653              NaN
              109         10.03584          0.99435          0.00000         50.21862          2.15015          0.75738         63.91527          0.00724          0.00724         76.76420          0.00316          0.03329              NaN
              209          8.96057          1.03004          0.00000         50.09235          2.28033          0.78547         66.20967          0.00655          0.00655         79.16440         -0.00537          0.02502              NaN
              310          6.81004          1.04943          0.00000         50.00620          2.35102          0.80073         67.45578          0.00620          0.00620         80.40834          0.00246          0.03261              NaN
              410          6.45161          1.06104          0.00000         50.07540          2.39336          0.80987         68.20202          0.00589          0.00589         81.49756          0.00414          0.03424              NaN
              517          5.37634          1.07242          0.00000         50.01280          2.43489          0.81883         68.93397          0.00569          0.00569         82.18959         -0.00933          0.02118              NaN
              635          6.45161          1.07880          0.00000         50.01170          2.45816          0.82385         69.34404          0.00555          0.00555         82.67528          0.00166          0.03184              NaN
              751          6.45161          1.08473          0.00000         50.00935          2.47979          0.82852         69.72540          0.00543          0.00543         83.12304         -0.00103          0.02922              NaN
              852          7.16846          1.09247          0.00000         50.01713          2.50800          0.83461         70.22250          0.00525          0.00525         83.73875         -0.00002          0.03020              NaN
              955         18.27957          1.09512          0.00000         50.02673          2.51768          0.83670         70.39326          0.00519          0.00519         83.97093          0.00311          0.03324              NaN
             1076         11.82796          1.09874          0.00000         50.03826          2.53087          0.83955         70.62565          0.00510          0.00510         84.28259          0.00005          0.03027              NaN
             1181         46.95340          1.10150          0.00000         50.00456          2.54092          0.84172         70.80282          0.00507          0.00507         84.39316         -0.00055          0.02969              NaN
             1297         41.57706          1.10238          0.00000         50.00376          2.54415          0.84241         70.85970          0.00505          0.00505         84.45856         -0.00017          0.03006              NaN
             1300         31.89964          1.10249          0.00000         50.00424          2.54456          0.84250         70.86698          0.00504          0.00504         84.46866         -0.00706          0.02337              NaN
