            Target        Iteration        AcceptPct        Objective        Penalties   FrontierDegree     SelCriterion  SelCriterionStd  MaxSelCriterPct       Coancestry   CoancestryRate MinCoancestryPct       Inbreeding   InbreedingRate MinInbreedingPct
 ModeMinCoancestry               -1              NaN         -0.00062          0.00000              NaN         -1.47611         -0.02526              NaN          0.00062          0.00062              NaN         -0.00186          0.02842              NaN
  ModeMaxCriterion               -1              NaN          0.11007          0.00000              NaN          4.19743          1.19923              NaN          0.02909          0.02909              NaN          0.03193          0.06119              NaN
          ModeOpt1               -1              NaN          1.00000          0.00000          0.00000          4.19743          1.19923        100.00000          0.02909          0.02909          0.00000          0.03193          0.06119              NaN
          ModeOpt2               -1              NaN          1.00813          0.00000         10.02030          4.15664          1.19043         99.28095          0.02409          0.02409         17.54218          0.02703          0.05644              NaN
          ModeOpt3               -1              NaN          1.02934          0.00000         20.02236          4.01168          1.15914         96.72595          0.01905          0.01905         35.24812          0.01438          0.04417              NaN
          ModeOpt4               -1              NaN          1.06210          0.00000         30.00361          3.74247          1.10104         91.98087          0.01397          0.01397         53.11290          0.01245          0.04229              NaN
          ModeOpt5               -1              NaN          1.09088          0.00000         40.03324          3.26507          0.99801         83.56643          0.00910          0.00910         70.20323          0.00716          0.03717              NaN
          ModeOpt6               -1              NaN          1.10249          0.00000         50.00424          2.54456          0.84250         70.86698          0.00504          0.00504         84.46866         -0.00706          0.02337              NaN
          ModeOpt7               -1              NaN          1.05933          0.00000         60.00207          1.52897          0.62331         52.96654          0.00297          0.00297         91.74838         -0.00590          0.02451              NaN
          ModeOpt8               -1              NaN          1.01653          0.00000         70.02036          0.49644          0.40047         34.76742          0.00187          0.00187         95.62839         -0.00158          0.02869              NaN
          ModeOpt9               -1              NaN          0.98437          0.00000         80.00656         -0.50630          0.18405         17.09347          0.00148          0.00148         97.00686         -0.00615          0.02426              NaN
         ModeOpt10               -1              NaN          0.00000          0.00000         90.00000         -1.47611         -0.02526          0.00000          0.00062          0.00062        100.00000         -0.00186          0.02842              NaN
