                              Id         Gender   SelCriterion AvgCoancestryA AvgCoancestryC   Contribution  nContribution
Psco_362                                      1        5.37000        0.00000        0.02777        0.01500              3
Psco_434                                      1        7.19200        0.00000        0.02671        0.01500              3
Psco_210                                      1        6.57800        0.00000        0.00717        0.01500              3
Psco_419                                      1        6.54400       -0.00000        0.02954        0.01500              3
Psco_317                                      1        9.81600       -0.00000        0.00694        0.01500              3
Psco_141                                      1        6.75200       -0.00000        0.00630        0.01500              3
Psco_446                                      1        7.80300       -0.00000        0.02599        0.01500              3
Psco_431                                      1        5.56100       -0.00000        0.02814        0.01500              3
Psco_906                                      1        5.46000       -0.00000        0.02778        0.01500              3
Psco_900                                      1        6.00600       -0.00000        0.02441        0.01500              3
Psco_798                                      1        5.23400        0.00000        0.02395        0.01500              3
Psco_814                                      1        8.86000        0.00000        0.02921        0.01500              3
Psco_750                                      1        6.52400        0.00000        0.02542        0.01500              3
Psco_766                                      1        5.74600        0.00000        0.01242        0.01500              3
Psco_546                                      1        5.16000       -0.00000        0.02317        0.01500              3
Psco_839                                      1        5.43200       -0.00000        0.02865        0.01500              3
Psco_791                                      1        6.65500       -0.00000        0.01291        0.01500              3
Psco_499                                      1        7.84200       -0.00000        0.02606        0.01500              3
Psco_539                                      1        5.56500       -0.00000       -0.00256        0.01500              3
Psco_555                                      1        6.15200       -0.00000        0.02580        0.01500              3
Psco_579                                      1        6.00300        0.00000        0.02004        0.01500              3
Psco_840                                      1        6.12900        0.00000        0.02790        0.01500              3
Psco_760                                      1        5.32700        0.00000        0.02086        0.01500              3
Psco_508                                      1        5.34400        0.00000        0.02404        0.01500              3
Psco_516                                      1        5.66500       -0.00000        0.02492        0.01500              3
Psco_580                                      1        5.68800        0.00000        0.02521        0.01500              3
Psco_700                                      1        5.66300       -0.00000        0.01928        0.01500              3
Psco_769                                      1        5.47800        0.00000        0.02316        0.01500              3
Psco_509                                      1        5.26100        0.00000        0.02468        0.01500              3
Psco_746                                      1        5.61700        0.00000        0.01264        0.01500              3
Psco_804                                      1        8.26600       -0.00000        0.02671        0.01500              3
Psco_868                                      1        5.19400        0.00000        0.01873        0.01500              3
Psco_884                                      1        6.05100       -0.00000        0.01323        0.01500              3
Psco_600                                      1        4.97400       -0.00000        0.02327        0.00500              1
Psco_103                                      2        4.01900        0.00000        0.02348        0.00500              1
Psco_248                                      2        4.45000       -0.00000        0.02268        0.00500              1
Psco_433                                      2        2.90400       -0.00000        0.02328        0.00500              1
Psco_465                                      2        3.72300        0.00000        0.01944        0.00500              1
Psco_473                                      2        5.85800        0.00000        0.02171        0.00500              1
Psco_481                                      2        5.25600       -0.00000        0.02756        0.00500              1
Psco_121                                      2        7.37100       -0.00000        0.00689        0.00500              1
Psco_153                                      2        1.82800        0.00000        0.01723        0.00500              1
Psco_169                                      2        2.48100        0.00000       -0.00981        0.00500              1
Psco_307                                      2        5.12300       -0.00000        0.02627        0.00500              1
Psco_490                                      2        5.15600        0.00000        0.02482        0.00500              1
Psco_130                                      2        5.26700        0.00000        0.02288        0.00500              1
Psco_332                                      2        2.23000       -0.00000       -0.03014        0.00500              1
Psco_348                                      2        5.51400       -0.00000        0.02759        0.00500              1
Psco_243                                      2        5.36500       -0.00000        0.02661        0.00500              1
Psco_412                                      2        2.42200        0.00000        0.02744        0.00500              1
Psco_484                                      2        5.15200       -0.00000        0.02277        0.00500              1
Psco_492                                      2        5.37500       -0.00000        0.02463        0.00500              1
Psco_164                                      2        3.90000       -0.00000       -0.03278        0.00500              1
Psco_205                                      2        4.22200        0.00000        0.00468        0.00500              1
Psco_279                                      2        3.30300        0.00000        0.02023        0.00500              1
Psco_343                                      2        3.38200       -0.00000        0.02588        0.00500              1
Psco_351                                      2        4.04900        0.00000        0.02023        0.00500              1
Psco_486                                      2        4.93900        0.00000        0.01939        0.00500              1
Psco_118                                      2        5.44500        0.00000        0.02594        0.00500              1
Psco_190                                      2        3.97200        0.00000        0.02938        0.00500              1
Psco_447                                      2        4.51200        0.00000        0.01919        0.00500              1
Psco_455                                      2        2.17900        0.00000        0.01891        0.00500              1
Psco_495                                      2        4.65700       -0.00000        0.02484        0.00500              1
Psco_902                                      2        4.95300        0.00000        0.02560        0.00500              1
Psco_895                                      2        4.63600        0.00000        0.00263        0.00500              1
Psco_903                                      2        4.96300       -0.00000        0.03158        0.00500              1
Psco_899                                      2        3.78500       -0.00000        0.00403        0.00500              1
Psco_907                                      2        7.93000       -0.00000        0.02590        0.00500              1
Psco_496                                      2        2.67300        0.00000       -0.03030        0.00500              1
Psco_552                                      2        7.16400       -0.00000        0.02199        0.00500              1
Psco_560                                      2        5.20700       -0.00000        0.02708        0.00500              1
Psco_576                                      2        7.29300        0.00000        0.02055        0.00500              1
Psco_837                                      2        3.98800       -0.00000        0.01956        0.00500              1
Psco_845                                      2        5.87800       -0.00000        0.02314        0.00500              1
Psco_861                                      2        5.54300       -0.00000        0.02288        0.00500              1
Psco_869                                      2        2.99000        0.00000       -0.00101        0.00500              1
Psco_877                                      2        2.38100       -0.00000        0.00359        0.00500              1
Psco_885                                      2        5.78300       -0.00000        0.02629        0.00500              1
Psco_657                                      2        4.62100        0.00000        0.02832        0.00500              1
Psco_585                                      2        8.70600       -0.00000        0.02608        0.00500              1
Psco_697                                      2        3.74800       -0.00000        0.01871        0.00500              1
Psco_705                                      2        2.52400       -0.00000        0.02464        0.00500              1
Psco_713                                      2        5.11400        0.00000        0.02216        0.00500              1
Psco_838                                      2        2.14800       -0.00000        0.00910        0.00500              1
Psco_846                                      2        4.56100       -0.00000        0.02934        0.00500              1
Psco_854                                      2        2.70900       -0.00000        0.01693        0.00500              1
Psco_878                                      2        5.18600       -0.00000        0.02347        0.00500              1
Psco_602                                      2        2.55600       -0.00000        0.02148        0.00500              1
Psco_618                                      2        3.37700       -0.00000        0.02044        0.00500              1
Psco_626                                      2        4.56100       -0.00000        0.01945        0.00500              1
Psco_658                                      2        5.04200       -0.00000        0.02463        0.00500              1
Psco_815                                      2        7.33700        0.00000        0.02942        0.00500              1
Psco_823                                      2        2.21600        0.00000       -0.00227        0.00500              1
Psco_751                                      2        3.93700        0.00000       -0.01897        0.00500              1
Psco_767                                      2        5.94000        0.00000        0.01232        0.00500              1
Psco_887                                      2        3.49200        0.00000        0.01759        0.00500              1
Psco_595                                      2        5.60900        0.00000        0.01971        0.00500              1
Psco_619                                      2        2.78500       -0.00000        0.02206        0.00500              1
Psco_651                                      2        2.92400        0.00000        0.01805        0.00500              1
Psco_667                                      2        3.60700       -0.00000        0.02431        0.00500              1
Psco_675                                      2        2.69600       -0.00000        0.02273        0.00500              1
Psco_808                                      2        2.32200       -0.00000        0.02262        0.00500              1
Psco_824                                      2        4.60600       -0.00000        0.01307        0.00500              1
Psco_856                                      2        2.52000       -0.00000        0.00664        0.00500              1
Psco_864                                      2        5.89500       -0.00000        0.02091        0.00500              1
Psco_888                                      2        2.49300       -0.00000        0.00231        0.00500              1
Psco_668                                      2        6.83100       -0.00000        0.02307        0.00500              1
Psco_676                                      2        2.74000       -0.00000       -0.01534        0.00500              1
Psco_684                                      2        4.23200       -0.00000        0.02783        0.00500              1
Psco_809                                      2        3.15700       -0.00000        0.01630        0.00500              1
Psco_817                                      2        3.83500        0.00000        0.01220        0.00500              1
Psco_841                                      2        3.09400       -0.00000        0.02484        0.00500              1
Psco_857                                      2        2.48500       -0.00000        0.01716        0.00500              1
Psco_865                                      2        7.38100        0.00000        0.01178        0.00500              1
Psco_873                                      2        5.74300       -0.00000        0.01774        0.00500              1
Psco_889                                      2        8.36200       -0.00000        0.02908        0.00500              1
Psco_597                                      2        4.32000        0.00000        0.01832        0.00500              1
Psco_669                                      2        6.56400       -0.00000        0.02630        0.00500              1
Psco_685                                      2        4.84400       -0.00000        0.02185        0.00500              1
Psco_810                                      2        2.28100        0.00000       -0.00403        0.00500              1
Psco_842                                      2        6.73400        0.00000        0.02576        0.00500              1
Psco_770                                      2        3.14800       -0.00000       -0.01590        0.00500              1
Psco_794                                      2        3.52600        0.00000       -0.01146        0.00500              1
Psco_502                                      2        2.33000       -0.00000        0.00831        0.00500              1
Psco_518                                      2        4.85700       -0.00000        0.02118        0.00500              1
Psco_558                                      2        2.49200       -0.00000        0.01075        0.00500              1
Psco_710                                      2        2.88700       -0.00000        0.02128        0.00500              1
Psco_771                                      2        6.39200        0.00000        0.02049        0.00500              1
Psco_787                                      2        5.21700        0.00000        0.00628        0.00500              1
Psco_503                                      2        2.95100        0.00000       -0.00385        0.00500              1
Psco_519                                      2        2.79300       -0.00000        0.02380        0.00500              1
Psco_527                                      2        8.94900        0.00000        0.03103        0.00500              1
Psco_575                                      2        4.88000        0.00000        0.02784        0.00500              1
Psco_852                                      2        4.62300       -0.00000        0.02216        0.00500              1
