                              Id         Gender   SelCriterion AvgCoancestryA AvgCoancestryC   Contribution  nContribution
Psco_1006                                     1        7.04800        0.00000        0.00354        0.01500              3
Psco_1033                                     1        5.30900       -0.00000        0.00032        0.01500              3
Psco_664                                      1        5.54800        0.00000        0.00257        0.01500              3
Psco_330                                      1        1.40100        0.00000        0.00025        0.01000              2
Psco_233                                      1        1.17900        0.00000        0.00257        0.01000              2
Psco_170                                      1        2.54100        0.00000        0.00296        0.01000              2
Psco_295                                      1       -1.43500        0.00000       -0.00179        0.01000              2
Psco_990                                      1        5.92200       -0.00000        0.00279        0.01000              2
Psco_1031                                     1        6.24500        0.00000        0.00469        0.01000              2
Psco_928                                      1        6.00100        0.00000        0.00390        0.01000              2
Psco_936                                      1        6.97600        0.00000        0.00546        0.01000              2
Psco_984                                      1        1.01700        0.00000        0.00048        0.01000              2
Psco_1017                                     1        4.06200       -0.00000        0.00185        0.01000              2
Psco_1041                                     1        2.78100        0.00000        0.00094        0.01000              2
Psco_930                                      1        2.77300        0.00000        0.00175        0.01000              2
Psco_962                                      1        5.93800        0.00000        0.00420        0.01000              2
Psco_1027                                     1        3.11400        0.00000        0.00127        0.01000              2
Psco_997                                      1        4.23600        0.00000        0.00320        0.01000              2
Psco_917                                      1        4.44100        0.00000        0.00330        0.01000              2
Psco_965                                      1        7.22800        0.00000        0.00548        0.01000              2
Psco_505                                      1        3.82100       -0.00000        0.00148        0.01000              2
Psco_529                                      1        0.62600       -0.00000       -0.00040        0.01000              2
Psco_561                                      1        4.90000        0.00000        0.00367        0.01000              2
Psco_531                                      1        2.65800        0.00000       -0.00026        0.01000              2
Psco_223                                      1       -2.26100        0.00000       -0.00248        0.00500              1
Psco_305                                      1        1.74000        0.00000        0.00202        0.00500              1
Psco_377                                      1        3.03000        0.00000        0.00214        0.00500              1
Psco_208                                      1       -1.57300        0.00000       -0.00039        0.00500              1
Psco_216                                      1        2.46000        0.00000        0.00313        0.00500              1
Psco_354                                      1       -4.59500        0.00000       -0.00200        0.00500              1
Psco_378                                      1        0.65500        0.00000        0.00030        0.00500              1
Psco_426                                      1        0.21100        0.00000        0.00033        0.00500              1
Psco_292                                      1       -1.88800        0.00000       -0.00055        0.00500              1
Psco_435                                      1        2.38600        0.00000        0.00194        0.00500              1
Psco_365                                      1        1.93900       -0.00000        0.00351        0.00500              1
Psco_998                                      1        2.38900        0.00000        0.00410        0.00500              1
Psco_1014                                     1        1.52300        0.00000        0.00409        0.00500              1
Psco_950                                      1        4.21600        0.00000        0.00371        0.00500              1
Psco_966                                      1        4.20400        0.00000        0.00449        0.00500              1
Psco_982                                      1        0.48500        0.00000        0.00349        0.00500              1
Psco_991                                      1        1.77000        0.00000        0.00455        0.00500              1
Psco_1015                                     1       -1.16900       -0.00000        0.00053        0.00500              1
Psco_1047                                     1        5.03500        0.00000        0.00425        0.00500              1
Psco_944                                      1        0.17800        0.00000        0.00022        0.00500              1
Psco_952                                      1        3.20900        0.00000        0.00414        0.00500              1
Psco_968                                      1        7.56400        0.00000        0.00651        0.00500              1
Psco_1001                                     1        2.50400       -0.00000        0.00168        0.00500              1
Psco_1009                                     1        3.36100        0.00000        0.00388        0.00500              1
Psco_954                                      1        4.80900        0.00000        0.00406        0.00500              1
Psco_1003                                     1       -0.22200        0.00000        0.00278        0.00500              1
Psco_916                                      1        4.93100        0.00000        0.00487        0.00500              1
Psco_940                                      1        0.97600       -0.00000        0.00289        0.00500              1
Psco_948                                      1        5.28400        0.00000        0.00470        0.00500              1
Psco_972                                      1        4.32000        0.00000        0.00268        0.00500              1
Psco_925                                      1        1.72200        0.00000        0.00202        0.00500              1
Psco_957                                      1       -0.48500        0.00000        0.00008        0.00500              1
Psco_981                                      1        3.35600        0.00000        0.00232        0.00500              1
Psco_497                                      1        1.78900        0.00000        0.00075        0.00500              1
Psco_521                                      1       -1.54500       -0.00000       -0.00072        0.00500              1
Psco_545                                      1        0.05900        0.00000        0.00037        0.00500              1
Psco_578                                      1        0.20100        0.00000        0.00138        0.00500              1
Psco_507                                      1        1.94800       -0.00000        0.00172        0.00500              1
Psco_523                                      1        2.66700        0.00000        0.00332        0.00500              1
Psco_587                                      1        1.77700       -0.00000        0.00131        0.00500              1
Psco_500                                      1        4.80700       -0.00000        0.00216        0.00500              1
Psco_564                                      1        3.85100        0.00000        0.00305        0.00500              1
Psco_501                                      1        1.37500        0.00000        0.00175        0.00500              1
Psco_598                                      1        1.82100        0.00000        0.00302        0.00500              1
Psco_606                                      1        1.22000        0.00000        0.00253        0.00500              1
Psco_614                                      1       -1.15500        0.00000        0.00045        0.00500              1
Psco_599                                      1        0.33300        0.00000        0.00078        0.00500              1
Psco_639                                      1        1.52300        0.00000        0.00175        0.00500              1
Psco_671                                      1        4.06800        0.00000        0.00316        0.00500              1
Psco_727                                      2        0.40100        0.00000        0.00094        0.00500              1
Psco_440                                      2       -3.49400        0.00000       -0.00030        0.00500              1
Psco_448                                      2        2.80400       -0.00000        0.00322        0.00500              1
Psco_456                                      2       -3.57000        0.00000       -0.00085        0.00500              1
Psco_488                                      2        1.60800        0.00000        0.00372        0.00500              1
Psco_104                                      2       -5.79600       -0.00000       -0.00494        0.00500              1
Psco_136                                      2       -4.34400        0.00000       -0.00021        0.00500              1
Psco_489                                      2        1.01900        0.00000        0.00248        0.00500              1
Psco_129                                      2       -1.60400        0.00000        0.00055        0.00500              1
Psco_137                                      2       -6.86600        0.00000       -0.00307        0.00500              1
Psco_161                                      2       -1.29600        0.00000       -0.00028        0.00500              1
Psco_315                                      2        1.89800        0.00000        0.00195        0.00500              1
Psco_323                                      2       -1.14000        0.00000        0.00085        0.00500              1
Psco_347                                      2       -6.26000       -0.00000       -0.00023        0.00500              1
Psco_466                                      2        2.21100       -0.00000        0.00091        0.00500              1
Psco_340                                      2       -1.00700        0.00000        0.00340        0.00500              1
Psco_356                                      2        2.48700       -0.00000        0.00373        0.00500              1
Psco_380                                      2        0.66300        0.00000        0.00178        0.00500              1
Psco_436                                      2       -0.06500        0.00000        0.00149        0.00500              1
Psco_444                                      2       -1.95900        0.00000        0.00066        0.00500              1
Psco_452                                      2        2.24700       -0.00000        0.00353        0.00500              1
Psco_476                                      2       -0.87500        0.00000        0.00159        0.00500              1
Psco_228                                      2       -4.44300       -0.00000       -0.00141        0.00500              1
Psco_236                                      2       -3.26000       -0.00000        0.00007        0.00500              1
Psco_294                                      2       -3.46800        0.00000       -0.00050        0.00500              1
Psco_302                                      2       -6.41000       -0.00000       -0.00388        0.00500              1
Psco_254                                      2        2.56100       -0.00000        0.00257        0.00500              1
Psco_414                                      2       -0.32300       -0.00000       -0.00110        0.00500              1
Psco_422                                      2       -1.38700       -0.00000       -0.00114        0.00500              1
Psco_327                                      2       -4.38200       -0.00000       -0.00045        0.00500              1
Psco_470                                      2       -0.79400        0.00000        0.00189        0.00500              1
Psco_296                                      2       -1.60300        0.00000       -0.00033        0.00500              1
Psco_304                                      2       -0.07300       -0.00000        0.00032        0.00500              1
Psco_423                                      2        1.33500        0.00000        0.00123        0.00500              1
Psco_463                                      2        5.19400        0.00000        0.00517        0.00500              1
Psco_471                                      2        1.90600        0.00000        0.00236        0.00500              1
Psco_910                                      2        0.48800       -0.00000        0.00344        0.00500              1
Psco_918                                      2        3.21500        0.00000        0.00320        0.00500              1
Psco_926                                      2        0.04000        0.00000        0.00275        0.00500              1
Psco_1046                                     2        0.57600       -0.00000        0.00385        0.00500              1
Psco_1054                                     2        0.04400        0.00000        0.00207        0.00500              1
Psco_974                                      2        3.58100        0.00000       -0.00022        0.00500              1
Psco_911                                      2        2.62300        0.00000        0.00435        0.00500              1
Psco_919                                      2        3.72800        0.00000        0.00283        0.00500              1
Psco_927                                      2        5.03400        0.00000        0.00451        0.00500              1
Psco_935                                      2        4.33600        0.00000        0.00437        0.00500              1
Psco_943                                      2        6.96500        0.00000        0.00634        0.00500              1
Psco_951                                      2        3.01900        0.00000        0.00262        0.00500              1
Psco_967                                      2       -2.85700       -0.00000        0.00021        0.00500              1
Psco_983                                      2        1.65100        0.00000        0.00247        0.00500              1
Psco_992                                      2       -0.09700        0.00000        0.00195        0.00500              1
Psco_1000                                     2       -1.97700       -0.00000        0.00243        0.00500              1
Psco_1008                                     2       -1.45000        0.00000        0.00101        0.00500              1
Psco_1016                                     2        2.14700        0.00000        0.00538        0.00500              1
Psco_1032                                     2        5.90000        0.00000        0.00595        0.00500              1
Psco_1040                                     2        5.80100       -0.00000        0.00314        0.00500              1
Psco_976                                      2        1.48300       -0.00000        0.00250        0.00500              1
Psco_913                                      2        4.47700        0.00000        0.00412        0.00500              1
Psco_929                                      2       -1.88600        0.00000        0.00065        0.00500              1
Psco_937                                      2        3.97500        0.00000        0.00347        0.00500              1
Psco_945                                      2        3.06300        0.00000        0.00279        0.00500              1
Psco_953                                      2        1.12000        0.00000        0.00277        0.00500              1
Psco_961                                      2       -1.34300       -0.00000       -0.00015        0.00500              1
Psco_994                                      2        2.89400       -0.00000        0.00451        0.00500              1
Psco_1010                                     2        0.24200        0.00000        0.00045        0.00500              1
Psco_1026                                     2        0.62500        0.00000        0.00204        0.00500              1
Psco_1034                                     2        1.18400        0.00000        0.00234        0.00500              1
Psco_1050                                     2        1.52300       -0.00000       -0.00018        0.00500              1
Psco_978                                      2        0.92200        0.00000        0.00343        0.00500              1
Psco_915                                      2        5.66200        0.00000        0.00332        0.00500              1
Psco_923                                      2        0.71300        0.00000        0.00255        0.00500              1
Psco_939                                      2        0.09600        0.00000        0.00277        0.00500              1
Psco_947                                      2        2.56700       -0.00000        0.00061        0.00500              1
Psco_987                                      2        5.86800        0.00000        0.00538        0.00500              1
Psco_1028                                     2        6.42500        0.00000        0.00555        0.00500              1
Psco_1044                                     2        3.45200       -0.00000        0.00123        0.00500              1
Psco_980                                      2        2.52700        0.00000        0.00265        0.00500              1
Psco_1013                                     2        4.63500        0.00000        0.00322        0.00500              1
Psco_1021                                     2        5.56700       -0.00000        0.00335        0.00500              1
Psco_1053                                     2        5.95500        0.00000        0.00348        0.00500              1
Psco_973                                      2        3.47900       -0.00000        0.00498        0.00500              1
Psco_989                                      2        0.61400        0.00000        0.00106        0.00500              1
Psco_512                                      2        1.18500        0.00000        0.00069        0.00500              1
Psco_528                                      2       -2.31300       -0.00000        0.00039        0.00500              1
Psco_568                                      2        0.19300        0.00000        0.00206        0.00500              1
Psco_584                                      2       -0.36500        0.00000        0.00010        0.00500              1
Psco_688                                      2        2.43000        0.00000        0.00452        0.00500              1
Psco_609                                      2       -0.47100        0.00000        0.00146        0.00500              1
Psco_641                                      2        0.84900        0.00000        0.00207        0.00500              1
Psco_665                                      2       -0.02400       -0.00000       -0.00045        0.00500              1
Psco_594                                      2       -0.86300       -0.00000       -0.00096        0.00500              1
Psco_635                                      2        2.04700        0.00000        0.00194        0.00500              1
Psco_612                                      2        2.88300       -0.00000        0.00150        0.00500              1
Psco_636                                      2       -0.06300       -0.00000        0.00111        0.00500              1
Psco_605                                      2        4.29100        0.00000        0.00297        0.00500              1
Psco_510                                      2        5.29700       -0.00000        0.00332        0.00500              1
Psco_526                                      2        1.96600        0.00000        0.00361        0.00500              1
Psco_694                                      2        4.09100        0.00000        0.00460        0.00500              1
Psco_702                                      2        0.49900        0.00000       -0.00035        0.00500              1
Psco_583                                      2        3.42800        0.00000        0.00317        0.00500              1
