                              Id         Gender   SelCriterion AvgCoancestryA AvgCoancestryC   Contribution  nContribution
Psco_485                                      1        3.21200       -0.00000        0.01231        0.01500              3
Psco_990                                      1        5.92200       -0.00000        0.01514        0.01500              3
Psco_1006                                     1        7.04800        0.00000        0.01491        0.01500              3
Psco_950                                      1        4.21600        0.00000        0.01111        0.01500              3
Psco_966                                      1        4.20400        0.00000        0.00551        0.01500              3
Psco_1031                                     1        6.24500        0.00000        0.00644        0.01500              3
Psco_1047                                     1        5.03500        0.00000        0.01324        0.01500              3
Psco_912                                      1        4.51100        0.00000        0.00646        0.01500              3
Psco_928                                      1        6.00100        0.00000        0.00695        0.01500              3
Psco_936                                      1        6.97600        0.00000        0.00708        0.01500              3
Psco_952                                      1        3.20900        0.00000        0.01525        0.01500              3
Psco_968                                      1        7.56400        0.00000        0.00726        0.01500              3
Psco_1009                                     1        3.36100        0.00000        0.00740        0.01500              3
Psco_1017                                     1        4.06200       -0.00000        0.01237        0.01500              3
Psco_1033                                     1        5.30900       -0.00000        0.00631        0.01500              3
Psco_946                                      1        4.16700        0.00000        0.00464        0.01500              3
Psco_954                                      1        4.80900        0.00000        0.01165        0.01500              3
Psco_962                                      1        5.93800        0.00000        0.00694        0.01500              3
Psco_1027                                     1        3.11400        0.00000        0.00290        0.01500              3
Psco_916                                      1        4.93100        0.00000        0.00509        0.01500              3
Psco_948                                      1        5.28400        0.00000        0.00632        0.01500              3
Psco_972                                      1        4.32000        0.00000        0.01280        0.01500              3
Psco_997                                      1        4.23600        0.00000        0.00349        0.01500              3
Psco_917                                      1        4.44100        0.00000        0.00324        0.01500              3
Psco_965                                      1        7.22800        0.00000        0.00795        0.01500              3
Psco_981                                      1        3.35600        0.00000        0.00934        0.01500              3
Psco_664                                      1        5.54800        0.00000        0.00493        0.01500              3
Psco_505                                      1        3.82100       -0.00000        0.00776        0.01500              3
Psco_561                                      1        4.90000        0.00000        0.01193        0.01500              3
Psco_699                                      1        4.37300        0.00000        0.01279        0.01500              3
Psco_500                                      1        4.80700       -0.00000        0.01435        0.01500              3
Psco_564                                      1        3.85100        0.00000        0.00753        0.01500              3
Psco_671                                      1        4.06800        0.00000        0.00547        0.01500              3
Psco_377                                      1        3.03000        0.00000        0.00336        0.00500              1
Psco_727                                      2        0.40100        0.00000       -0.00652        0.00500              1
Psco_448                                      2        2.80400       -0.00000        0.01060        0.00500              1
Psco_488                                      2        1.60800        0.00000        0.00624        0.00500              1
Psco_489                                      2        1.01900        0.00000        0.00517        0.00500              1
Psco_315                                      2        1.89800        0.00000       -0.00573        0.00500              1
Psco_466                                      2        2.21100       -0.00000        0.00264        0.00500              1
Psco_356                                      2        2.48700       -0.00000        0.00098        0.00500              1
Psco_380                                      2        0.66300        0.00000        0.00255        0.00500              1
Psco_227                                      2        0.50100        0.00000       -0.00367        0.00500              1
Psco_428                                      2        2.28100       -0.00000        0.01366        0.00500              1
Psco_436                                      2       -0.06500        0.00000        0.00289        0.00500              1
Psco_452                                      2        2.24700       -0.00000        0.00742        0.00500              1
Psco_172                                      2        1.10000       -0.00000        0.00166        0.00500              1
Psco_254                                      2        2.56100       -0.00000        0.00583        0.00500              1
Psco_304                                      2       -0.07300       -0.00000       -0.00034        0.00500              1
Psco_423                                      2        1.33500        0.00000        0.00212        0.00500              1
Psco_463                                      2        5.19400        0.00000        0.01308        0.00500              1
Psco_471                                      2        1.90600        0.00000        0.00513        0.00500              1
Psco_910                                      2        0.48800       -0.00000       -0.00202        0.00500              1
Psco_918                                      2        3.21500        0.00000        0.01228        0.00500              1
Psco_926                                      2        0.04000        0.00000       -0.00077        0.00500              1
Psco_1038                                     2        0.25500        0.00000        0.00799        0.00500              1
Psco_1046                                     2        0.57600       -0.00000       -0.00087        0.00500              1
Psco_1054                                     2        0.04400        0.00000        0.00628        0.00500              1
Psco_974                                      2        3.58100        0.00000        0.00282        0.00500              1
Psco_911                                      2        2.62300        0.00000        0.00539        0.00500              1
Psco_919                                      2        3.72800        0.00000        0.01305        0.00500              1
Psco_927                                      2        5.03400        0.00000        0.00438        0.00500              1
Psco_935                                      2        4.33600        0.00000        0.00507        0.00500              1
Psco_943                                      2        6.96500        0.00000        0.00660        0.00500              1
Psco_951                                      2        3.01900        0.00000        0.00841        0.00500              1
Psco_959                                      2        1.54400        0.00000        0.00305        0.00500              1
Psco_983                                      2        1.65100        0.00000        0.00556        0.00500              1
Psco_992                                      2       -0.09700        0.00000       -0.00196        0.00500              1
Psco_1016                                     2        2.14700        0.00000        0.00667        0.00500              1
Psco_1024                                     2        1.63900        0.00000        0.01252        0.00500              1
Psco_1032                                     2        5.90000        0.00000        0.00772        0.00500              1
Psco_1040                                     2        5.80100       -0.00000        0.01306        0.00500              1
Psco_976                                      2        1.48300       -0.00000        0.00068        0.00500              1
Psco_913                                      2        4.47700        0.00000        0.00632        0.00500              1
Psco_937                                      2        3.97500        0.00000        0.01454        0.00500              1
Psco_945                                      2        3.06300        0.00000        0.00582        0.00500              1
Psco_953                                      2        1.12000        0.00000        0.00201        0.00500              1
Psco_994                                      2        2.89400       -0.00000        0.00337        0.00500              1
Psco_1002                                     2        3.19600        0.00000        0.01226        0.00500              1
Psco_1010                                     2        0.24200        0.00000        0.00551        0.00500              1
Psco_1026                                     2        0.62500        0.00000        0.00712        0.00500              1
Psco_1034                                     2        1.18400        0.00000        0.00972        0.00500              1
Psco_1050                                     2        1.52300       -0.00000        0.00419        0.00500              1
Psco_978                                      2        0.92200        0.00000        0.01348        0.00500              1
Psco_915                                      2        5.66200        0.00000        0.01451        0.00500              1
Psco_923                                      2        0.71300        0.00000       -0.00131        0.00500              1
Psco_931                                      2        5.69200        0.00000        0.01516        0.00500              1
Psco_939                                      2        0.09600        0.00000        0.01296        0.00500              1
Psco_947                                      2        2.56700       -0.00000        0.00396        0.00500              1
Psco_955                                      2        1.71800        0.00000        0.00205        0.00500              1
Psco_971                                      2        1.61300       -0.00000        0.00624        0.00500              1
Psco_987                                      2        5.86800        0.00000        0.00756        0.00500              1
Psco_1004                                     2        2.96500       -0.00000        0.00691        0.00500              1
Psco_1028                                     2        6.42500        0.00000        0.00903        0.00500              1
Psco_1044                                     2        3.45200       -0.00000        0.01372        0.00500              1
Psco_964                                      2       -0.25500        0.00000        0.00465        0.00500              1
Psco_980                                      2        2.52700        0.00000        0.00643        0.00500              1
Psco_1005                                     2        0.36400        0.00000        0.00961        0.00500              1
Psco_1013                                     2        4.63500        0.00000        0.01252        0.00500              1
Psco_1021                                     2        5.56700       -0.00000        0.01210        0.00500              1
Psco_1029                                     2        0.75800        0.00000        0.01055        0.00500              1
Psco_1037                                     2        4.55300       -0.00000        0.01339        0.00500              1
Psco_1053                                     2        5.95500        0.00000        0.01451        0.00500              1
Psco_973                                      2        3.47900       -0.00000        0.00098        0.00500              1
Psco_989                                      2        0.61400        0.00000       -0.00166        0.00500              1
Psco_512                                      2        1.18500        0.00000        0.00918        0.00500              1
Psco_568                                      2        0.19300        0.00000        0.00523        0.00500              1
Psco_688                                      2        2.43000        0.00000        0.01241        0.00500              1
Psco_696                                      2        0.01400        0.00000        0.01143        0.00500              1
Psco_633                                      2        0.31200        0.00000        0.00962        0.00500              1
Psco_641                                      2        0.84900        0.00000       -0.00217        0.00500              1
Psco_649                                      2        2.52300        0.00000        0.01072        0.00500              1
Psco_665                                      2       -0.02400       -0.00000        0.00509        0.00500              1
Psco_635                                      2        2.04700        0.00000        0.00704        0.00500              1
Psco_596                                      2        2.49100       -0.00000        0.01273        0.00500              1
Psco_612                                      2        2.88300       -0.00000        0.01130        0.00500              1
Psco_628                                      2        3.88300       -0.00000        0.01173        0.00500              1
Psco_636                                      2       -0.06300       -0.00000        0.01070        0.00500              1
Psco_605                                      2        4.29100        0.00000       -0.00198        0.00500              1
Psco_621                                      2        0.97200       -0.00000        0.01058        0.00500              1
Psco_637                                      2       -0.13900       -0.00000        0.00439        0.00500              1
Psco_653                                      2        0.04900        0.00000        0.00209        0.00500              1
Psco_510                                      2        5.29700       -0.00000        0.00509        0.00500              1
Psco_526                                      2        1.96600        0.00000        0.01365        0.00500              1
Psco_550                                      2        1.53600        0.00000        0.00267        0.00500              1
Psco_566                                      2        1.27700        0.00000        0.00623        0.00500              1
Psco_574                                      2        1.20100        0.00000        0.01514        0.00500              1
Psco_590                                      2        0.79000       -0.00000        0.00824        0.00500              1
Psco_694                                      2        4.09100        0.00000        0.01430        0.00500              1
Psco_702                                      2        0.49900        0.00000        0.00258        0.00500              1
Psco_718                                      2        2.91500        0.00000        0.00597        0.00500              1
Psco_559                                      2        2.11800       -0.00000        0.00582        0.00500              1
Psco_583                                      2        3.42800        0.00000        0.00473        0.00500              1
Psco_695                                      2        1.68200        0.00000        0.00122        0.00500              1
