                              Id         Gender   SelCriterion AvgCoancestryA AvgCoancestryC   Contribution  nContribution
Psco_1006                                     1        7.04800        0.00000        0.00791        0.01500              3
Psco_1031                                     1        6.24500        0.00000        0.00352        0.01500              3
Psco_968                                      1        7.56400        0.00000        0.00451        0.01500              3
Psco_984                                      1        1.01700        0.00000       -0.00180        0.01500              3
Psco_1033                                     1        5.30900       -0.00000        0.00446        0.01500              3
Psco_962                                      1        5.93800        0.00000        0.00392        0.01500              3
Psco_965                                      1        7.22800        0.00000        0.00474        0.01500              3
Psco_664                                      1        5.54800        0.00000        0.00299        0.01500              3
Psco_377                                      1        3.03000        0.00000        0.00162        0.01000              2
Psco_170                                      1        2.54100        0.00000        0.00184        0.01000              2
Psco_365                                      1        1.93900       -0.00000        0.00217        0.01000              2
Psco_990                                      1        5.92200       -0.00000        0.00704        0.01000              2
Psco_950                                      1        4.21600        0.00000        0.00509        0.01000              2
Psco_912                                      1        4.51100        0.00000        0.00263        0.01000              2
Psco_928                                      1        6.00100        0.00000        0.00458        0.01000              2
Psco_936                                      1        6.97600        0.00000        0.00437        0.01000              2
Psco_1009                                     1        3.36100        0.00000        0.00500        0.01000              2
Psco_1017                                     1        4.06200       -0.00000        0.00434        0.01000              2
Psco_930                                      1        2.77300        0.00000        0.00182        0.01000              2
Psco_1027                                     1        3.11400        0.00000        0.00187        0.01000              2
Psco_916                                      1        4.93100        0.00000        0.00347        0.01000              2
Psco_997                                      1        4.23600        0.00000        0.00185        0.01000              2
Psco_917                                      1        4.44100        0.00000        0.00238        0.01000              2
Psco_925                                      1        1.72200        0.00000        0.00008        0.01000              2
Psco_497                                      1        1.78900        0.00000        0.00002        0.01000              2
Psco_505                                      1        3.82100       -0.00000        0.00365        0.01000              2
Psco_529                                      1        0.62600       -0.00000        0.00050        0.01000              2
Psco_523                                      1        2.66700        0.00000        0.00161        0.01000              2
Psco_671                                      1        4.06800        0.00000        0.00345        0.01000              2
Psco_223                                      1       -2.26100        0.00000       -0.00066        0.00500              1
Psco_305                                      1        1.74000        0.00000        0.00154        0.00500              1
Psco_216                                      1        2.46000        0.00000        0.00188        0.00500              1
Psco_306                                      1       -4.52300       -0.00000       -0.00534        0.00500              1
Psco_330                                      1        1.40100        0.00000        0.00243        0.00500              1
Psco_378                                      1        0.65500        0.00000        0.00181        0.00500              1
Psco_426                                      1        0.21100        0.00000        0.00034        0.00500              1
Psco_429                                      1        1.48700       -0.00000        0.00292        0.00500              1
Psco_453                                      1        1.53400       -0.00000        0.00302        0.00500              1
Psco_485                                      1        3.21200       -0.00000        0.00428        0.00500              1
Psco_181                                      1       -5.28200        0.00000       -0.00546        0.00500              1
Psco_247                                      1       -3.01200       -0.00000       -0.00369        0.00500              1
Psco_998                                      1        2.38900        0.00000        0.00280        0.00500              1
Psco_1014                                     1        1.52300        0.00000        0.00115        0.00500              1
Psco_1047                                     1        5.03500        0.00000        0.00757        0.00500              1
Psco_1041                                     1        2.78100        0.00000        0.00407        0.00500              1
Psco_946                                      1        4.16700        0.00000        0.00365        0.00500              1
Psco_954                                      1        4.80900        0.00000        0.00644        0.00500              1
Psco_1035                                     1        2.58200        0.00000        0.00415        0.00500              1
Psco_932                                      1        0.86200       -0.00000        0.00126        0.00500              1
Psco_940                                      1        0.97600       -0.00000        0.00110        0.00500              1
Psco_972                                      1        4.32000        0.00000        0.00636        0.00500              1
Psco_981                                      1        3.35600        0.00000        0.00507        0.00500              1
Psco_680                                      1        2.58600       -0.00000        0.00366        0.00500              1
Psco_561                                      1        4.90000        0.00000        0.00554        0.00500              1
Psco_531                                      1        2.65800        0.00000        0.00465        0.00500              1
Psco_587                                      1        1.77700       -0.00000        0.00221        0.00500              1
Psco_699                                      1        4.37300        0.00000        0.00601        0.00500              1
Psco_500                                      1        4.80700       -0.00000        0.00561        0.00500              1
Psco_564                                      1        3.85100        0.00000        0.00419        0.00500              1
Psco_501                                      1        1.37500        0.00000        0.00248        0.00500              1
Psco_598                                      1        1.82100        0.00000        0.00228        0.00500              1
Psco_606                                      1        1.22000        0.00000        0.00194        0.00500              1
Psco_599                                      1        0.33300        0.00000        0.00041        0.00500              1
Psco_727                                      2        0.40100        0.00000       -0.00142        0.00500              1
Psco_135                                      2       -0.90000        0.00000        0.00166        0.00500              1
Psco_448                                      2        2.80400       -0.00000        0.00426        0.00500              1
Psco_104                                      2       -5.79600       -0.00000       -0.00455        0.00500              1
Psco_394                                      2       -4.46400       -0.00000       -0.00273        0.00500              1
Psco_489                                      2        1.01900        0.00000        0.00319        0.00500              1
Psco_315                                      2        1.89800        0.00000        0.00126        0.00500              1
Psco_331                                      2       -4.06200        0.00000       -0.00016        0.00500              1
Psco_466                                      2        2.21100       -0.00000        0.00054        0.00500              1
Psco_474                                      2       -1.96500        0.00000       -0.00054        0.00500              1
Psco_356                                      2        2.48700       -0.00000        0.00182        0.00500              1
Psco_364                                      2       -1.32400        0.00000        0.00156        0.00500              1
Psco_227                                      2        0.50100        0.00000        0.00267        0.00500              1
Psco_428                                      2        2.28100       -0.00000        0.00465        0.00500              1
Psco_436                                      2       -0.06500        0.00000        0.00138        0.00500              1
Psco_452                                      2        2.24700       -0.00000        0.00419        0.00500              1
Psco_468                                      2       -0.61200        0.00000        0.00280        0.00500              1
Psco_172                                      2        1.10000       -0.00000        0.00199        0.00500              1
Psco_350                                      2       -1.99300        0.00000        0.00190        0.00500              1
Psco_254                                      2        2.56100       -0.00000        0.00325        0.00500              1
Psco_414                                      2       -0.32300       -0.00000        0.00251        0.00500              1
Psco_110                                      2       -1.10100        0.00000        0.00041        0.00500              1
Psco_296                                      2       -1.60300        0.00000        0.00069        0.00500              1
Psco_304                                      2       -0.07300       -0.00000        0.00063        0.00500              1
Psco_423                                      2        1.33500        0.00000        0.00138        0.00500              1
Psco_463                                      2        5.19400        0.00000        0.00736        0.00500              1
Psco_471                                      2        1.90600        0.00000        0.00335        0.00500              1
Psco_910                                      2        0.48800       -0.00000       -0.00038        0.00500              1
Psco_918                                      2        3.21500        0.00000        0.00649        0.00500              1
Psco_926                                      2        0.04000        0.00000        0.00076        0.00500              1
Psco_1046                                     2        0.57600       -0.00000        0.00145        0.00500              1
Psco_1054                                     2        0.04400        0.00000        0.00385        0.00500              1
Psco_974                                      2        3.58100        0.00000        0.00540        0.00500              1
Psco_919                                      2        3.72800        0.00000        0.00645        0.00500              1
Psco_927                                      2        5.03400        0.00000        0.00264        0.00500              1
Psco_935                                      2        4.33600        0.00000        0.00281        0.00500              1
Psco_943                                      2        6.96500        0.00000        0.00461        0.00500              1
Psco_951                                      2        3.01900        0.00000        0.00382        0.00500              1
Psco_959                                      2        1.54400        0.00000        0.00173        0.00500              1
Psco_967                                      2       -2.85700       -0.00000        0.00053        0.00500              1
Psco_983                                      2        1.65100        0.00000        0.00293        0.00500              1
Psco_992                                      2       -0.09700        0.00000       -0.00045        0.00500              1
Psco_1016                                     2        2.14700        0.00000        0.00511        0.00500              1
Psco_1032                                     2        5.90000        0.00000        0.00528        0.00500              1
Psco_1040                                     2        5.80100       -0.00000        0.00655        0.00500              1
Psco_1048                                     2       -1.47700        0.00000        0.00239        0.00500              1
Psco_1056                                     2       -1.40400        0.00000       -0.00030        0.00500              1
Psco_976                                      2        1.48300       -0.00000        0.00062        0.00500              1
Psco_913                                      2        4.47700        0.00000        0.00384        0.00500              1
Psco_937                                      2        3.97500        0.00000        0.00551        0.00500              1
Psco_945                                      2        3.06300        0.00000        0.00397        0.00500              1
Psco_953                                      2        1.12000        0.00000        0.00090        0.00500              1
Psco_961                                      2       -1.34300       -0.00000       -0.00066        0.00500              1
Psco_994                                      2        2.89400       -0.00000        0.00302        0.00500              1
Psco_1002                                     2        3.19600        0.00000        0.00664        0.00500              1
Psco_1010                                     2        0.24200        0.00000        0.00162        0.00500              1
Psco_1026                                     2        0.62500        0.00000        0.00228        0.00500              1
Psco_1034                                     2        1.18400        0.00000        0.00461        0.00500              1
Psco_1050                                     2        1.52300       -0.00000        0.00342        0.00500              1
Psco_978                                      2        0.92200        0.00000        0.00486        0.00500              1
Psco_915                                      2        5.66200        0.00000        0.00789        0.00500              1
Psco_923                                      2        0.71300        0.00000        0.00078        0.00500              1
Psco_931                                      2        5.69200        0.00000        0.00778        0.00500              1
Psco_947                                      2        2.56700       -0.00000        0.00416        0.00500              1
Psco_955                                      2        1.71800        0.00000        0.00230        0.00500              1
Psco_987                                      2        5.86800        0.00000        0.00540        0.00500              1
Psco_1004                                     2        2.96500       -0.00000        0.00434        0.00500              1
Psco_1012                                     2       -0.95500        0.00000        0.00122        0.00500              1
Psco_1028                                     2        6.42500        0.00000        0.00527        0.00500              1
Psco_1036                                     2       -0.70300       -0.00000        0.00127        0.00500              1
Psco_964                                      2       -0.25500        0.00000        0.00303        0.00500              1
Psco_980                                      2        2.52700        0.00000        0.00415        0.00500              1
Psco_1005                                     2        0.36400        0.00000        0.00478        0.00500              1
Psco_1013                                     2        4.63500        0.00000        0.00646        0.00500              1
Psco_1021                                     2        5.56700       -0.00000        0.00605        0.00500              1
Psco_1037                                     2        4.55300       -0.00000        0.00689        0.00500              1
Psco_1053                                     2        5.95500        0.00000        0.00823        0.00500              1
Psco_973                                      2        3.47900       -0.00000        0.00353        0.00500              1
Psco_989                                      2        0.61400        0.00000       -0.00052        0.00500              1
Psco_512                                      2        1.18500        0.00000        0.00328        0.00500              1
Psco_568                                      2        0.19300        0.00000        0.00268        0.00500              1
Psco_584                                      2       -0.36500        0.00000       -0.00138        0.00500              1
Psco_688                                      2        2.43000        0.00000        0.00583        0.00500              1
Psco_601                                      2       -1.41800        0.00000        0.00003        0.00500              1
Psco_633                                      2        0.31200        0.00000        0.00439        0.00500              1
Psco_641                                      2        0.84900        0.00000        0.00009        0.00500              1
Psco_603                                      2       -0.72600       -0.00000        0.00230        0.00500              1
Psco_611                                      2       -1.59800       -0.00000       -0.00319        0.00500              1
Psco_635                                      2        2.04700        0.00000        0.00414        0.00500              1
Psco_628                                      2        3.88300       -0.00000        0.00384        0.00500              1
Psco_605                                      2        4.29100        0.00000        0.00264        0.00500              1
Psco_510                                      2        5.29700       -0.00000        0.00353        0.00500              1
Psco_526                                      2        1.96600        0.00000        0.00550        0.00500              1
Psco_550                                      2        1.53600        0.00000        0.00047        0.00500              1
Psco_574                                      2        1.20100        0.00000        0.00518        0.00500              1
Psco_590                                      2        0.79000       -0.00000        0.00436        0.00500              1
Psco_694                                      2        4.09100        0.00000        0.00589        0.00500              1
Psco_718                                      2        2.91500        0.00000        0.00343        0.00500              1
Psco_559                                      2        2.11800       -0.00000        0.00574        0.00500              1
Psco_695                                      2        1.68200        0.00000        0.00330        0.00500              1
