                              Id         Gender   SelCriterion AvgCoancestryA AvgCoancestryC   Contribution  nContribution
Psco_191                                      1       -7.46900        0.00000        0.00038        0.00500              1
Psco_175                                      1      -11.98700       -0.00000        0.00051        0.00500              1
Psco_297                                      1       -2.54000        0.00000        0.00072        0.00500              1
Psco_329                                      1      -11.98500        0.00000       -0.00001        0.00500              1
Psco_337                                      1       -4.88400        0.00000        0.00082        0.00500              1
Psco_345                                      1       -6.96300        0.00000        0.00073        0.00500              1
Psco_200                                      1       -8.85900        0.00000        0.00017        0.00500              1
Psco_216                                      1        2.46000        0.00000        0.00071        0.00500              1
Psco_232                                      1       -9.54300        0.00000        0.00060        0.00500              1
Psco_240                                      1       -9.17700        0.00000        0.00064        0.00500              1
Psco_266                                      1       -5.06900        0.00000        0.00053        0.00500              1
Psco_184                                      1       -0.62600        0.00000        0.00053        0.00500              1
Psco_306                                      1       -4.52300       -0.00000        0.00079        0.00500              1
Psco_330                                      1        1.40100        0.00000        0.00074        0.00500              1
Psco_233                                      1        1.17900        0.00000        0.00014        0.00500              1
Psco_241                                      1       -6.52700        0.00000        0.00113        0.00500              1
Psco_250                                      1      -11.07600       -0.00000        0.00007        0.00500              1
Psco_267                                      1       -9.98300        0.00000       -0.00013        0.00500              1
Psco_426                                      1        0.21100        0.00000        0.00086        0.00500              1
Psco_371                                      1       -7.51000        0.00000        0.00147        0.00500              1
Psco_194                                      1      -10.10000        0.00000       -0.00026        0.00500              1
Psco_154                                      1       -4.95300        0.00000        0.00044        0.00500              1
Psco_178                                      1       -5.19800        0.00000        0.00037        0.00500              1
Psco_292                                      1       -1.88800        0.00000        0.00038        0.00500              1
Psco_300                                      1       -0.55000        0.00000        0.00004        0.00500              1
Psco_427                                      1       -0.94800       -0.00000        0.00075        0.00500              1
Psco_435                                      1        2.38600        0.00000        0.00048        0.00500              1
Psco_123                                      1       -7.13300        0.00000        0.00132        0.00500              1
Psco_131                                      1       -3.54900       -0.00000        0.00088        0.00500              1
Psco_163                                      1       -5.98100       -0.00000        0.00083        0.00500              1
Psco_325                                      1       -6.74900        0.00000        0.00105        0.00500              1
Psco_349                                      1       -1.84300       -0.00000        0.00103        0.00500              1
Psco_365                                      1        1.93900       -0.00000        0.00031        0.00500              1
Psco_132                                      1       -2.44800        0.00000        0.00061        0.00500              1
Psco_140                                      1       -9.97000       -0.00000        0.00030        0.00500              1
Psco_390                                      1       -2.08600       -0.00000       -0.00001        0.00500              1
Psco_429                                      1        1.48700       -0.00000        0.00104        0.00500              1
Psco_437                                      1        0.33000       -0.00000        0.00056        0.00500              1
Psco_477                                      1       -3.63200        0.00000        0.00071        0.00500              1
Psco_133                                      1       -6.43200        0.00000        0.00040        0.00500              1
Psco_181                                      1       -5.28200        0.00000        0.00023        0.00500              1
Psco_295                                      1       -1.43500        0.00000        0.00064        0.00500              1
Psco_454                                      1       -0.24300        0.00000        0.00069        0.00500              1
Psco_462                                      1       -3.28700        0.00000        0.00053        0.00500              1
Psco_214                                      1       -2.74400        0.00000        0.00050        0.00500              1
Psco_247                                      1       -3.01200       -0.00000        0.00056        0.00500              1
Psco_439                                      1        0.88400        0.00000        0.00093        0.00500              1
Psco_344                                      1       -3.94600        0.00000        0.00132        0.00500              1
Psco_942                                      1       -3.02000       -0.00000        0.00035        0.00500              1
Psco_958                                      1       -0.63800       -0.00000       -0.00060        0.00500              1
Psco_991                                      1        1.77000        0.00000        0.00072        0.00500              1
Psco_1007                                     1       -4.43700        0.00000        0.00065        0.00500              1
Psco_1015                                     1       -1.16900       -0.00000        0.00004        0.00500              1
Psco_1031                                     1        6.24500        0.00000       -0.00008        0.00500              1
Psco_1039                                     1       -0.42500        0.00000        0.00099        0.00500              1
Psco_952                                      1        3.20900        0.00000        0.00069        0.00500              1
Psco_968                                      1        7.56400        0.00000        0.00087        0.00500              1
Psco_993                                      1       -3.49400        0.00000        0.00083        0.00500              1
Psco_1009                                     1        3.36100        0.00000        0.00040        0.00500              1
Psco_1033                                     1        5.30900       -0.00000        0.00106        0.00500              1
Psco_1057                                     1        0.81400        0.00000        0.00070        0.00500              1
Psco_914                                      1        2.32100        0.00000       -0.00040        0.00500              1
Psco_922                                      1       -4.93700        0.00000        0.00085        0.00500              1
Psco_946                                      1        4.16700        0.00000        0.00140        0.00500              1
Psco_970                                      1       -1.81100       -0.00000        0.00139        0.00500              1
Psco_1003                                     1       -0.22200        0.00000        0.00073        0.00500              1
Psco_1011                                     1        2.98200        0.00000        0.00074        0.00500              1
Psco_1027                                     1        3.11400        0.00000        0.00040        0.00500              1
Psco_1043                                     1       -0.84000        0.00000        0.00001        0.00500              1
Psco_963                                      1        0.46800        0.00000        0.00079        0.00500              1
Psco_932                                      1        0.86200       -0.00000       -0.00024        0.00500              1
Psco_940                                      1        0.97600       -0.00000        0.00084        0.00500              1
Psco_956                                      1        2.83400        0.00000        0.00003        0.00500              1
Psco_988                                      1       -0.33800        0.00000        0.00044        0.00500              1
Psco_941                                      1       -1.91900        0.00000        0.00008        0.00500              1
Psco_664                                      1        5.54800        0.00000        0.00115        0.00500              1
Psco_513                                      1       -1.42900        0.00000        0.00043        0.00500              1
Psco_537                                      1       -0.08700        0.00000        0.00144        0.00500              1
Psco_570                                      1       -1.30300       -0.00000        0.00022        0.00500              1
Psco_714                                      1       -0.96500       -0.00000        0.00135        0.00500              1
Psco_507                                      1        1.94800       -0.00000       -0.00018        0.00500              1
Psco_515                                      1       -0.88500        0.00000        0.00052        0.00500              1
Psco_531                                      1        2.65800        0.00000        0.00064        0.00500              1
Psco_571                                      1       -1.53400        0.00000        0.00033        0.00500              1
Psco_587                                      1        1.77700       -0.00000        0.00010        0.00500              1
Psco_699                                      1        4.37300        0.00000        0.00032        0.00500              1
Psco_707                                      1        1.73000        0.00000        0.00095        0.00500              1
Psco_723                                      1        1.72600        0.00000        0.00070        0.00500              1
Psco_540                                      1        1.59400        0.00000        0.00048        0.00500              1
Psco_572                                      1        0.86600       -0.00000        0.00054        0.00500              1
Psco_692                                      1       -1.56700        0.00000        0.00103        0.00500              1
Psco_724                                      1       -2.00700        0.00000        0.00031        0.00500              1
Psco_501                                      1        1.37500        0.00000        0.00048        0.00500              1
Psco_533                                      1        1.94800        0.00000       -0.00011        0.00500              1
Psco_701                                      1       -3.65700       -0.00000       -0.00042        0.00500              1
Psco_709                                      1       -0.37000        0.00000        0.00045        0.00500              1
Psco_717                                      1       -1.63900        0.00000        0.00017        0.00500              1
Psco_662                                      1       -0.64400       -0.00000        0.00011        0.00500              1
Psco_631                                      1       -1.69700        0.00000        0.00031        0.00500              1
Psco_663                                      1       -0.11200       -0.00000        0.00040        0.00500              1
Psco_135                                      2       -0.90000        0.00000        0.00025        0.00500              1
Psco_273                                      2       -8.28800        0.00000        0.00046        0.00500              1
Psco_448                                      2        2.80400       -0.00000        0.00075        0.00500              1
Psco_456                                      2       -3.57000        0.00000        0.00056        0.00500              1
Psco_488                                      2        1.60800        0.00000        0.00034        0.00500              1
Psco_120                                      2       -5.31700       -0.00000        0.00073        0.00500              1
Psco_136                                      2       -4.34400        0.00000        0.00037        0.00500              1
Psco_249                                      2       -0.52600        0.00000        0.00045        0.00500              1
Psco_168                                      2       -8.35600        0.00000        0.00048        0.00500              1
Psco_394                                      2       -4.46400       -0.00000        0.00046        0.00500              1
Psco_489                                      2        1.01900        0.00000        0.00073        0.00500              1
Psco_113                                      2       -3.88400        0.00000       -0.00036        0.00500              1
Psco_129                                      2       -1.60400        0.00000        0.00118        0.00500              1
Psco_145                                      2       -3.31100       -0.00000       -0.00031        0.00500              1
Psco_161                                      2       -1.29600        0.00000        0.00057        0.00500              1
Psco_185                                      2       -9.72800       -0.00000        0.00058        0.00500              1
Psco_331                                      2       -4.06200        0.00000        0.00064        0.00500              1
Psco_146                                      2       -2.94500        0.00000        0.00067        0.00500              1
Psco_380                                      2        0.66300        0.00000        0.00036        0.00500              1
Psco_277                                      2       -6.85300        0.00000        0.00066        0.00500              1
Psco_389                                      2       -7.51300       -0.00000        0.00031        0.00500              1
Psco_428                                      2        2.28100       -0.00000        0.00045        0.00500              1
Psco_444                                      2       -1.95900        0.00000        0.00038        0.00500              1
Psco_116                                      2       -4.71300       -0.00000        0.00040        0.00500              1
Psco_156                                      2       -4.59500        0.00000        0.00017        0.00500              1
Psco_318                                      2       -7.14600        0.00000        0.00147        0.00500              1
Psco_334                                      2       -6.19200        0.00000        0.00027        0.00500              1
Psco_366                                      2       -3.61600        0.00000        0.00008        0.00500              1
Psco_374                                      2      -10.40600       -0.00000        0.00043        0.00500              1
Psco_382                                      2       -9.33600       -0.00000        0.00063        0.00500              1
Psco_197                                      2      -10.69400       -0.00000        0.00052        0.00500              1
Psco_246                                      2       -3.57800        0.00000        0.00070        0.00500              1
Psco_254                                      2        2.56100       -0.00000        0.00037        0.00500              1
Psco_287                                      2       -9.38700        0.00000        0.00026        0.00500              1
Psco_391                                      2       -5.31300        0.00000        0.00104        0.00500              1
Psco_327                                      2       -4.38200       -0.00000        0.00090        0.00500              1
Psco_110                                      2       -1.10100        0.00000        0.00051        0.00500              1
Psco_142                                      2       -8.85900        0.00000       -0.00037        0.00500              1
Psco_463                                      2        5.19400        0.00000        0.00058        0.00500              1
Psco_910                                      2        0.48800       -0.00000        0.00043        0.00500              1
Psco_918                                      2        3.21500        0.00000        0.00074        0.00500              1
Psco_926                                      2        0.04000        0.00000       -0.00002        0.00500              1
Psco_1054                                     2        0.04400        0.00000        0.00066        0.00500              1
Psco_974                                      2        3.58100        0.00000        0.00113        0.00500              1
Psco_911                                      2        2.62300        0.00000        0.00069        0.00500              1
Psco_919                                      2        3.72800        0.00000       -0.00017        0.00500              1
Psco_927                                      2        5.03400        0.00000       -0.00020        0.00500              1
Psco_943                                      2        6.96500        0.00000        0.00051        0.00500              1
Psco_967                                      2       -2.85700       -0.00000        0.00056        0.00500              1
Psco_992                                      2       -0.09700        0.00000        0.00056        0.00500              1
Psco_1000                                     2       -1.97700       -0.00000        0.00046        0.00500              1
Psco_1016                                     2        2.14700        0.00000        0.00004        0.00500              1
Psco_1040                                     2        5.80100       -0.00000        0.00043        0.00500              1
Psco_976                                      2        1.48300       -0.00000        0.00006        0.00500              1
Psco_913                                      2        4.47700        0.00000        0.00125        0.00500              1
Psco_921                                      2       -2.78800        0.00000        0.00114        0.00500              1
Psco_953                                      2        1.12000        0.00000       -0.00012        0.00500              1
Psco_961                                      2       -1.34300       -0.00000        0.00030        0.00500              1
Psco_985                                      2       -0.99900        0.00000        0.00100        0.00500              1
Psco_1010                                     2        0.24200        0.00000        0.00024        0.00500              1
Psco_1018                                     2       -2.74700        0.00000        0.00070        0.00500              1
Psco_1026                                     2        0.62500        0.00000        0.00088        0.00500              1
Psco_1034                                     2        1.18400        0.00000        0.00018        0.00500              1
Psco_1042                                     2       -1.99400       -0.00000        0.00136        0.00500              1
Psco_1050                                     2        1.52300       -0.00000        0.00128        0.00500              1
Psco_1058                                     2       -0.90400        0.00000        0.00075        0.00500              1
Psco_978                                      2        0.92200        0.00000        0.00073        0.00500              1
Psco_931                                      2        5.69200        0.00000        0.00012        0.00500              1
Psco_939                                      2        0.09600        0.00000        0.00099        0.00500              1
Psco_971                                      2        1.61300       -0.00000        0.00042        0.00500              1
Psco_1004                                     2        2.96500       -0.00000        0.00001        0.00500              1
Psco_1028                                     2        6.42500        0.00000        0.00070        0.00500              1
Psco_1005                                     2        0.36400        0.00000        0.00037        0.00500              1
Psco_1013                                     2        4.63500        0.00000        0.00075        0.00500              1
Psco_1021                                     2        5.56700       -0.00000        0.00083        0.00500              1
Psco_1053                                     2        5.95500        0.00000        0.00049        0.00500              1
Psco_973                                      2        3.47900       -0.00000        0.00069        0.00500              1
Psco_989                                      2        0.61400        0.00000        0.00076        0.00500              1
Psco_601                                      2       -1.41800        0.00000        0.00003        0.00500              1
Psco_609                                      2       -0.47100        0.00000        0.00062        0.00500              1
Psco_633                                      2        0.31200        0.00000        0.00049        0.00500              1
Psco_641                                      2        0.84900        0.00000        0.00103        0.00500              1
Psco_649                                      2        2.52300        0.00000        0.00018        0.00500              1
Psco_665                                      2       -0.02400       -0.00000       -0.00010        0.00500              1
Psco_594                                      2       -0.86300       -0.00000       -0.00079        0.00500              1
Psco_659                                      2       -3.21900        0.00000        0.00100        0.00500              1
Psco_596                                      2        2.49100       -0.00000        0.00062        0.00500              1
Psco_612                                      2        2.88300       -0.00000        0.00004        0.00500              1
Psco_620                                      2       -1.52600        0.00000        0.00026        0.00500              1
Psco_628                                      2        3.88300       -0.00000       -0.00026        0.00500              1
Psco_605                                      2        4.29100        0.00000        0.00002        0.00500              1
Psco_621                                      2        0.97200       -0.00000        0.00060        0.00500              1
Psco_637                                      2       -0.13900       -0.00000       -0.00011        0.00500              1
Psco_526                                      2        1.96600        0.00000        0.00092        0.00500              1
Psco_550                                      2        1.53600        0.00000        0.00028        0.00500              1
Psco_582                                      2       -1.01800       -0.00000        0.00031        0.00500              1
Psco_567                                      2       -2.06800        0.00000        0.00022        0.00500              1
Psco_583                                      2        3.42800        0.00000        0.00008        0.00500              1
Psco_695                                      2        1.68200        0.00000        0.00067        0.00500              1
Psco_711                                      2       -1.50100        0.00000       -0.00003        0.00500              1
