                              Id         Gender   SelCriterion AvgCoancestryA AvgCoancestryC   Contribution  nContribution
Psco_990                                      1        5.92200       -0.00000        0.01317        0.01500              3
Psco_1006                                     1        7.04800        0.00000        0.01360        0.01500              3
Psco_950                                      1        4.21600        0.00000        0.00992        0.01500              3
Psco_966                                      1        4.20400        0.00000        0.00500        0.01500              3
Psco_1031                                     1        6.24500        0.00000        0.00574        0.01500              3
Psco_1047                                     1        5.03500        0.00000        0.01035        0.01500              3
Psco_912                                      1        4.51100        0.00000        0.00544        0.01500              3
Psco_928                                      1        6.00100        0.00000        0.00617        0.01500              3
Psco_936                                      1        6.97600        0.00000        0.00632        0.01500              3
Psco_968                                      1        7.56400        0.00000        0.00647        0.01500              3
Psco_1017                                     1        4.06200       -0.00000        0.01100        0.01500              3
Psco_1033                                     1        5.30900       -0.00000        0.00596        0.01500              3
Psco_930                                      1        2.77300        0.00000       -0.00271        0.01500              3
Psco_946                                      1        4.16700        0.00000        0.00440        0.01500              3
Psco_954                                      1        4.80900        0.00000        0.00923        0.01500              3
Psco_962                                      1        5.93800        0.00000        0.00705        0.01500              3
Psco_916                                      1        4.93100        0.00000        0.00472        0.01500              3
Psco_948                                      1        5.28400        0.00000        0.00554        0.01500              3
Psco_972                                      1        4.32000        0.00000        0.01194        0.01500              3
Psco_997                                      1        4.23600        0.00000        0.00335        0.01500              3
Psco_917                                      1        4.44100        0.00000        0.00303        0.01500              3
Psco_965                                      1        7.22800        0.00000        0.00724        0.01500              3
Psco_664                                      1        5.54800        0.00000        0.00425        0.01500              3
Psco_505                                      1        3.82100       -0.00000        0.00748        0.01500              3
Psco_561                                      1        4.90000        0.00000        0.01014        0.01500              3
Psco_523                                      1        2.66700        0.00000        0.00021        0.01500              3
Psco_699                                      1        4.37300        0.00000        0.01082        0.01500              3
Psco_500                                      1        4.80700       -0.00000        0.01217        0.01500              3
Psco_564                                      1        3.85100        0.00000        0.00669        0.01500              3
Psco_671                                      1        4.06800        0.00000        0.00507        0.01500              3
Psco_377                                      1        3.03000        0.00000        0.00365        0.01000              2
Psco_170                                      1        2.54100        0.00000        0.00080        0.01000              2
Psco_1009                                     1        3.36100        0.00000        0.00730        0.01000              2
Psco_1027                                     1        3.11400        0.00000        0.00320        0.01000              2
Psco_1041                                     1        2.78100        0.00000        0.00848        0.00500              1
Psco_531                                      1        2.65800        0.00000        0.00392        0.00500              1
Psco_727                                      2        0.40100        0.00000       -0.00546        0.00500              1
Psco_448                                      2        2.80400       -0.00000        0.00910        0.00500              1
Psco_488                                      2        1.60800        0.00000        0.00614        0.00500              1
Psco_489                                      2        1.01900        0.00000        0.00482        0.00500              1
Psco_315                                      2        1.89800        0.00000       -0.00175        0.00500              1
Psco_466                                      2        2.21100       -0.00000        0.00250        0.00500              1
Psco_356                                      2        2.48700       -0.00000        0.00170        0.00500              1
Psco_380                                      2        0.66300        0.00000        0.00279        0.00500              1
Psco_227                                      2        0.50100        0.00000       -0.00269        0.00500              1
Psco_428                                      2        2.28100       -0.00000        0.01220        0.00500              1
Psco_436                                      2       -0.06500        0.00000        0.00308        0.00500              1
Psco_452                                      2        2.24700       -0.00000        0.00639        0.00500              1
Psco_476                                      2       -0.87500        0.00000        0.00095        0.00500              1
Psco_172                                      2        1.10000       -0.00000        0.00224        0.00500              1
Psco_254                                      2        2.56100       -0.00000        0.00470        0.00500              1
Psco_414                                      2       -0.32300       -0.00000        0.00084        0.00500              1
Psco_304                                      2       -0.07300       -0.00000       -0.00050        0.00500              1
Psco_423                                      2        1.33500        0.00000        0.00211        0.00500              1
Psco_463                                      2        5.19400        0.00000        0.01155        0.00500              1
Psco_471                                      2        1.90600        0.00000        0.00480        0.00500              1
Psco_910                                      2        0.48800       -0.00000       -0.00239        0.00500              1
Psco_918                                      2        3.21500        0.00000        0.00988        0.00500              1
Psco_926                                      2        0.04000        0.00000       -0.00103        0.00500              1
Psco_1038                                     2        0.25500        0.00000        0.00932        0.00500              1
Psco_1046                                     2        0.57600       -0.00000       -0.00120        0.00500              1
Psco_1054                                     2        0.04400        0.00000        0.00438        0.00500              1
Psco_974                                      2        3.58100        0.00000        0.00419        0.00500              1
Psco_911                                      2        2.62300        0.00000        0.00488        0.00500              1
Psco_919                                      2        3.72800        0.00000        0.01112        0.00500              1
Psco_927                                      2        5.03400        0.00000        0.00371        0.00500              1
Psco_935                                      2        4.33600        0.00000        0.00448        0.00500              1
Psco_943                                      2        6.96500        0.00000        0.00594        0.00500              1
Psco_951                                      2        3.01900        0.00000        0.00680        0.00500              1
Psco_959                                      2        1.54400        0.00000        0.00334        0.00500              1
Psco_983                                      2        1.65100        0.00000        0.00595        0.00500              1
Psco_992                                      2       -0.09700        0.00000        0.00084        0.00500              1
Psco_1016                                     2        2.14700        0.00000        0.00612        0.00500              1
Psco_1024                                     2        1.63900        0.00000        0.00976        0.00500              1
Psco_1032                                     2        5.90000        0.00000        0.00691        0.00500              1
Psco_1040                                     2        5.80100       -0.00000        0.01169        0.00500              1
Psco_976                                      2        1.48300       -0.00000        0.00041        0.00500              1
Psco_913                                      2        4.47700        0.00000        0.00542        0.00500              1
Psco_937                                      2        3.97500        0.00000        0.01336        0.00500              1
Psco_945                                      2        3.06300        0.00000        0.00586        0.00500              1
Psco_953                                      2        1.12000        0.00000        0.00192        0.00500              1
Psco_994                                      2        2.89400       -0.00000        0.00308        0.00500              1
Psco_1002                                     2        3.19600        0.00000        0.01136        0.00500              1
Psco_1010                                     2        0.24200        0.00000        0.00744        0.00500              1
Psco_1026                                     2        0.62500        0.00000        0.00607        0.00500              1
Psco_1034                                     2        1.18400        0.00000        0.00670        0.00500              1
Psco_1050                                     2        1.52300       -0.00000        0.00437        0.00500              1
Psco_978                                      2        0.92200        0.00000        0.01208        0.00500              1
Psco_915                                      2        5.66200        0.00000        0.01299        0.00500              1
Psco_923                                      2        0.71300        0.00000        0.00118        0.00500              1
Psco_931                                      2        5.69200        0.00000        0.01331        0.00500              1
Psco_939                                      2        0.09600        0.00000        0.01155        0.00500              1
Psco_947                                      2        2.56700       -0.00000        0.00444        0.00500              1
Psco_955                                      2        1.71800        0.00000        0.00190        0.00500              1
Psco_971                                      2        1.61300       -0.00000        0.00648        0.00500              1
Psco_987                                      2        5.86800        0.00000        0.00701        0.00500              1
Psco_1004                                     2        2.96500       -0.00000        0.00701        0.00500              1
Psco_1028                                     2        6.42500        0.00000        0.00857        0.00500              1
Psco_1044                                     2        3.45200       -0.00000        0.01189        0.00500              1
Psco_980                                      2        2.52700        0.00000        0.00491        0.00500              1
Psco_1005                                     2        0.36400        0.00000        0.00657        0.00500              1
Psco_1013                                     2        4.63500        0.00000        0.01000        0.00500              1
Psco_1021                                     2        5.56700       -0.00000        0.01132        0.00500              1
Psco_1029                                     2        0.75800        0.00000        0.00790        0.00500              1
Psco_1037                                     2        4.55300       -0.00000        0.01221        0.00500              1
Psco_1053                                     2        5.95500        0.00000        0.01297        0.00500              1
Psco_973                                      2        3.47900       -0.00000        0.00077        0.00500              1
Psco_989                                      2        0.61400        0.00000        0.00067        0.00500              1
Psco_512                                      2        1.18500        0.00000        0.00894        0.00500              1
Psco_568                                      2        0.19300        0.00000        0.00392        0.00500              1
Psco_584                                      2       -0.36500        0.00000       -0.00619        0.00500              1
Psco_688                                      2        2.43000        0.00000        0.01038        0.00500              1
Psco_633                                      2        0.31200        0.00000        0.00925        0.00500              1
Psco_641                                      2        0.84900        0.00000        0.00002        0.00500              1
Psco_649                                      2        2.52300        0.00000        0.00990        0.00500              1
Psco_665                                      2       -0.02400       -0.00000        0.00501        0.00500              1
Psco_635                                      2        2.04700        0.00000        0.00846        0.00500              1
Psco_596                                      2        2.49100       -0.00000        0.01010        0.00500              1
Psco_612                                      2        2.88300       -0.00000        0.01061        0.00500              1
Psco_628                                      2        3.88300       -0.00000        0.00980        0.00500              1
Psco_636                                      2       -0.06300       -0.00000        0.00949        0.00500              1
Psco_605                                      2        4.29100        0.00000       -0.00005        0.00500              1
Psco_621                                      2        0.97200       -0.00000        0.00854        0.00500              1
Psco_637                                      2       -0.13900       -0.00000        0.00428        0.00500              1
Psco_510                                      2        5.29700       -0.00000        0.00501        0.00500              1
Psco_526                                      2        1.96600        0.00000        0.01243        0.00500              1
Psco_550                                      2        1.53600        0.00000        0.00239        0.00500              1
Psco_566                                      2        1.27700        0.00000        0.00572        0.00500              1
Psco_574                                      2        1.20100        0.00000        0.01335        0.00500              1
Psco_590                                      2        0.79000       -0.00000        0.00972        0.00500              1
Psco_694                                      2        4.09100        0.00000        0.01295        0.00500              1
Psco_702                                      2        0.49900        0.00000        0.00273        0.00500              1
Psco_718                                      2        2.91500        0.00000        0.00565        0.00500              1
Psco_559                                      2        2.11800       -0.00000        0.00589        0.00500              1
Psco_583                                      2        3.42800        0.00000        0.00388        0.00500              1
Psco_695                                      2        1.68200        0.00000        0.00198        0.00500              1
