                              Id         Gender   SelCriterion AvgCoancestryA AvgCoancestryC   Contribution  nContribution
Psco_181                                      1       -5.28200        0.00000       -0.00338        0.01000              2
Psco_1031                                     1        6.24500        0.00000        0.00174        0.01000              2
Psco_928                                      1        6.00100        0.00000        0.00085        0.01000              2
Psco_936                                      1        6.97600        0.00000        0.00097        0.01000              2
Psco_984                                      1        1.01700        0.00000       -0.00234        0.01000              2
Psco_1033                                     1        5.30900       -0.00000        0.00218        0.01000              2
Psco_1041                                     1        2.78100        0.00000        0.00137        0.01000              2
Psco_948                                      1        5.28400        0.00000       -0.00091        0.01000              2
Psco_664                                      1        5.54800        0.00000       -0.00029        0.01000              2
Psco_523                                      1        2.66700        0.00000       -0.00082        0.01000              2
Psco_207                                      1       -5.74300       -0.00000       -0.00172        0.00500              1
Psco_223                                      1       -2.26100        0.00000       -0.00025        0.00500              1
Psco_297                                      1       -2.54000        0.00000        0.00051        0.00500              1
Psco_329                                      1      -11.98500        0.00000       -0.00356        0.00500              1
Psco_353                                      1       -4.21300        0.00000       -0.00070        0.00500              1
Psco_369                                      1       -3.45400        0.00000       -0.00094        0.00500              1
Psco_377                                      1        3.03000        0.00000        0.00215        0.00500              1
Psco_208                                      1       -1.57300        0.00000        0.00080        0.00500              1
Psco_216                                      1        2.46000        0.00000        0.00008        0.00500              1
Psco_184                                      1       -0.62600        0.00000        0.00096        0.00500              1
Psco_314                                      1      -11.11100       -0.00000       -0.00372        0.00500              1
Psco_354                                      1       -4.59500        0.00000       -0.00058        0.00500              1
Psco_378                                      1        0.65500        0.00000        0.00224        0.00500              1
Psco_233                                      1        1.17900        0.00000        0.00078        0.00500              1
Psco_292                                      1       -1.88800        0.00000       -0.00044        0.00500              1
Psco_435                                      1        2.38600        0.00000        0.00258        0.00500              1
Psco_301                                      1       -2.85300        0.00000        0.00030        0.00500              1
Psco_349                                      1       -1.84300       -0.00000        0.00132        0.00500              1
Psco_429                                      1        1.48700       -0.00000        0.00212        0.00500              1
Psco_437                                      1        0.33000       -0.00000        0.00210        0.00500              1
Psco_453                                      1        1.53400       -0.00000        0.00269        0.00500              1
Psco_469                                      1        1.71100        0.00000        0.00155        0.00500              1
Psco_485                                      1        3.21200       -0.00000        0.00234        0.00500              1
Psco_295                                      1       -1.43500        0.00000       -0.00085        0.00500              1
Psco_238                                      1       -7.45100        0.00000       -0.00107        0.00500              1
Psco_247                                      1       -3.01200       -0.00000       -0.00115        0.00500              1
Psco_255                                      1        0.03000        0.00000        0.00171        0.00500              1
Psco_990                                      1        5.92200       -0.00000        0.00309        0.00500              1
Psco_998                                      1        2.38900        0.00000        0.00094        0.00500              1
Psco_1006                                     1        7.04800        0.00000        0.00257        0.00500              1
Psco_958                                      1       -0.63800       -0.00000        0.00194        0.00500              1
Psco_966                                      1        4.20400        0.00000        0.00150        0.00500              1
Psco_982                                      1        0.48500        0.00000        0.00038        0.00500              1
Psco_1015                                     1       -1.16900       -0.00000       -0.00291        0.00500              1
Psco_1023                                     1       -0.19300        0.00000        0.00215        0.00500              1
Psco_1039                                     1       -0.42500        0.00000       -0.00050        0.00500              1
Psco_1047                                     1        5.03500        0.00000        0.00110        0.00500              1
Psco_920                                      1        0.00700        0.00000        0.00028        0.00500              1
Psco_944                                      1        0.17800        0.00000        0.00192        0.00500              1
Psco_960                                      1       -0.13200        0.00000        0.00166        0.00500              1
Psco_1001                                     1        2.50400       -0.00000        0.00222        0.00500              1
Psco_1057                                     1        0.81400        0.00000        0.00004        0.00500              1
Psco_914                                      1        2.32100        0.00000        0.00145        0.00500              1
Psco_930                                      1        2.77300        0.00000        0.00279        0.00500              1
Psco_938                                      1       -0.24800       -0.00000        0.00190        0.00500              1
Psco_954                                      1        4.80900        0.00000        0.00095        0.00500              1
Psco_962                                      1        5.93800        0.00000        0.00256        0.00500              1
Psco_1003                                     1       -0.22200        0.00000        0.00125        0.00500              1
Psco_1027                                     1        3.11400        0.00000        0.00186        0.00500              1
Psco_1043                                     1       -0.84000        0.00000        0.00089        0.00500              1
Psco_963                                      1        0.46800        0.00000        0.00054        0.00500              1
Psco_916                                      1        4.93100        0.00000        0.00223        0.00500              1
Psco_956                                      1        2.83400        0.00000        0.00180        0.00500              1
Psco_972                                      1        4.32000        0.00000        0.00170        0.00500              1
Psco_997                                      1        4.23600        0.00000        0.00173        0.00500              1
Psco_917                                      1        4.44100        0.00000        0.00177        0.00500              1
Psco_925                                      1        1.72200        0.00000        0.00012        0.00500              1
Psco_933                                      1        1.85400        0.00000        0.00193        0.00500              1
Psco_957                                      1       -0.48500        0.00000        0.00115        0.00500              1
Psco_965                                      1        7.22800        0.00000        0.00326        0.00500              1
Psco_656                                      1        0.93400       -0.00000        0.00174        0.00500              1
Psco_497                                      1        1.78900        0.00000        0.00209        0.00500              1
Psco_521                                      1       -1.54500       -0.00000        0.00140        0.00500              1
Psco_545                                      1        0.05900        0.00000        0.00067        0.00500              1
Psco_561                                      1        4.90000        0.00000        0.00221        0.00500              1
Psco_577                                      1        2.10000       -0.00000        0.00297        0.00500              1
Psco_578                                      1        0.20100        0.00000        0.00167        0.00500              1
Psco_714                                      1       -0.96500       -0.00000       -0.00036        0.00500              1
Psco_507                                      1        1.94800       -0.00000        0.00284        0.00500              1
Psco_587                                      1        1.77700       -0.00000        0.00289        0.00500              1
Psco_500                                      1        4.80700       -0.00000        0.00315        0.00500              1
Psco_724                                      1       -2.00700        0.00000        0.00146        0.00500              1
Psco_501                                      1        1.37500        0.00000        0.00337        0.00500              1
Psco_725_2                                    1       -2.08700       -0.00000        0.00089        0.00500              1
Psco_598                                      1        1.82100        0.00000        0.00270        0.00500              1
Psco_606                                      1        1.22000        0.00000        0.00180        0.00500              1
Psco_599                                      1        0.33300        0.00000        0.00046        0.00500              1
Psco_615                                      1       -0.07200        0.00000        0.00227        0.00500              1
Psco_639                                      1        1.52300        0.00000        0.00008        0.00500              1
Psco_663                                      1       -0.11200       -0.00000        0.00173        0.00500              1
Psco_135                                      2       -0.90000        0.00000        0.00115        0.00500              1
Psco_273                                      2       -8.28800        0.00000       -0.00214        0.00500              1
Psco_448                                      2        2.80400       -0.00000        0.00230        0.00500              1
Psco_488                                      2        1.60800        0.00000        0.00223        0.00500              1
Psco_120                                      2       -5.31700       -0.00000       -0.00035        0.00500              1
Psco_249                                      2       -0.52600        0.00000        0.00106        0.00500              1
Psco_282                                      2      -10.51800       -0.00000       -0.00397        0.00500              1
Psco_394                                      2       -4.46400       -0.00000       -0.00131        0.00500              1
Psco_489                                      2        1.01900        0.00000        0.00238        0.00500              1
Psco_129                                      2       -1.60400        0.00000       -0.00059        0.00500              1
Psco_161                                      2       -1.29600        0.00000       -0.00014        0.00500              1
Psco_185                                      2       -9.72800       -0.00000       -0.00388        0.00500              1
Psco_315                                      2        1.89800        0.00000        0.00012        0.00500              1
Psco_331                                      2       -4.06200        0.00000        0.00050        0.00500              1
Psco_339                                      2      -10.77600        0.00000       -0.00450        0.00500              1
Psco_466                                      2        2.21100       -0.00000        0.00197        0.00500              1
Psco_474                                      2       -1.96500        0.00000       -0.00020        0.00500              1
Psco_122                                      2       -2.92100        0.00000        0.00157        0.00500              1
Psco_340                                      2       -1.00700        0.00000        0.00139        0.00500              1
Psco_364                                      2       -1.32400        0.00000        0.00008        0.00500              1
Psco_380                                      2        0.66300        0.00000        0.00174        0.00500              1
Psco_227                                      2        0.50100        0.00000        0.00234        0.00500              1
Psco_436                                      2       -0.06500        0.00000        0.00306        0.00500              1
Psco_444                                      2       -1.95900        0.00000       -0.00177        0.00500              1
Psco_452                                      2        2.24700       -0.00000        0.00305        0.00500              1
Psco_476                                      2       -0.87500        0.00000        0.00182        0.00500              1
Psco_116                                      2       -4.71300       -0.00000       -0.00153        0.00500              1
Psco_156                                      2       -4.59500        0.00000       -0.00042        0.00500              1
Psco_172                                      2        1.10000       -0.00000        0.00182        0.00500              1
Psco_294                                      2       -3.46800        0.00000       -0.00047        0.00500              1
Psco_318                                      2       -7.14600        0.00000       -0.00037        0.00500              1
Psco_254                                      2        2.56100       -0.00000        0.00147        0.00500              1
Psco_414                                      2       -0.32300       -0.00000        0.00193        0.00500              1
Psco_422                                      2       -1.38700       -0.00000        0.00114        0.00500              1
Psco_470                                      2       -0.79400        0.00000        0.00136        0.00500              1
Psco_110                                      2       -1.10100        0.00000       -0.00047        0.00500              1
Psco_142                                      2       -8.85900        0.00000       -0.00333        0.00500              1
Psco_296                                      2       -1.60300        0.00000        0.00165        0.00500              1
Psco_304                                      2       -0.07300       -0.00000        0.00024        0.00500              1
Psco_423                                      2        1.33500        0.00000        0.00258        0.00500              1
Psco_328                                      2       -6.28900        0.00000       -0.00178        0.00500              1
Psco_463                                      2        5.19400        0.00000        0.00252        0.00500              1
Psco_471                                      2        1.90600        0.00000        0.00007        0.00500              1
Psco_926                                      2        0.04000        0.00000        0.00029        0.00500              1
Psco_1046                                     2        0.57600       -0.00000        0.00084        0.00500              1
Psco_1054                                     2        0.04400        0.00000        0.00021        0.00500              1
Psco_974                                      2        3.58100        0.00000        0.00242        0.00500              1
Psco_919                                      2        3.72800        0.00000        0.00207        0.00500              1
Psco_927                                      2        5.03400        0.00000        0.00145        0.00500              1
Psco_935                                      2        4.33600        0.00000        0.00196        0.00500              1
Psco_967                                      2       -2.85700       -0.00000        0.00232        0.00500              1
Psco_983                                      2        1.65100        0.00000        0.00218        0.00500              1
Psco_992                                      2       -0.09700        0.00000        0.00184        0.00500              1
Psco_1000                                     2       -1.97700       -0.00000       -0.00013        0.00500              1
Psco_1008                                     2       -1.45000        0.00000        0.00008        0.00500              1
Psco_1016                                     2        2.14700        0.00000        0.00234        0.00500              1
Psco_1032                                     2        5.90000        0.00000        0.00215        0.00500              1
Psco_1040                                     2        5.80100       -0.00000        0.00328        0.00500              1
Psco_1056                                     2       -1.40400        0.00000        0.00015        0.00500              1
Psco_929                                      2       -1.88600        0.00000       -0.00003        0.00500              1
Psco_945                                      2        3.06300        0.00000        0.00252        0.00500              1
Psco_961                                      2       -1.34300       -0.00000        0.00097        0.00500              1
Psco_985                                      2       -0.99900        0.00000        0.00035        0.00500              1
Psco_1010                                     2        0.24200        0.00000        0.00102        0.00500              1
Psco_1026                                     2        0.62500        0.00000        0.00113        0.00500              1
Psco_1042                                     2       -1.99400       -0.00000        0.00167        0.00500              1
Psco_1058                                     2       -0.90400        0.00000        0.00107        0.00500              1
Psco_978                                      2        0.92200        0.00000        0.00116        0.00500              1
Psco_923                                      2        0.71300        0.00000        0.00177        0.00500              1
Psco_939                                      2        0.09600        0.00000        0.00128        0.00500              1
Psco_955                                      2        1.71800        0.00000        0.00148        0.00500              1
Psco_1004                                     2        2.96500       -0.00000        0.00272        0.00500              1
Psco_1012                                     2       -0.95500        0.00000        0.00123        0.00500              1
Psco_1020                                     2       -1.49700        0.00000        0.00070        0.00500              1
Psco_1028                                     2        6.42500        0.00000        0.00126        0.00500              1
Psco_1036                                     2       -0.70300       -0.00000        0.00249        0.00500              1
Psco_964                                      2       -0.25500        0.00000        0.00041        0.00500              1
Psco_1005                                     2        0.36400        0.00000       -0.00022        0.00500              1
Psco_1013                                     2        4.63500        0.00000        0.00093        0.00500              1
Psco_1053                                     2        5.95500        0.00000        0.00232        0.00500              1
Psco_989                                      2        0.61400        0.00000        0.00160        0.00500              1
Psco_528                                      2       -2.31300       -0.00000        0.00124        0.00500              1
Psco_568                                      2        0.19300        0.00000        0.00028        0.00500              1
Psco_584                                      2       -0.36500        0.00000       -0.00224        0.00500              1
Psco_696                                      2        0.01400        0.00000        0.00264        0.00500              1
Psco_704                                      2       -2.39300       -0.00000        0.00162        0.00500              1
Psco_609                                      2       -0.47100        0.00000        0.00096        0.00500              1
Psco_633                                      2        0.31200        0.00000        0.00010        0.00500              1
Psco_649                                      2        2.52300        0.00000        0.00346        0.00500              1
Psco_603                                      2       -0.72600       -0.00000        0.00133        0.00500              1
Psco_635                                      2        2.04700        0.00000        0.00238        0.00500              1
Psco_596                                      2        2.49100       -0.00000        0.00225        0.00500              1
Psco_620                                      2       -1.52600        0.00000        0.00271        0.00500              1
Psco_636                                      2       -0.06300       -0.00000        0.00266        0.00500              1
Psco_526                                      2        1.96600        0.00000        0.00246        0.00500              1
Psco_566                                      2        1.27700        0.00000        0.00175        0.00500              1
Psco_694                                      2        4.09100        0.00000        0.00180        0.00500              1
Psco_702                                      2        0.49900        0.00000        0.00185        0.00500              1
Psco_559                                      2        2.11800       -0.00000        0.00292        0.00500              1
Psco_567                                      2       -2.06800        0.00000        0.00148        0.00500              1
