                              Id         Gender   SelCriterion AvgCoancestryA AvgCoancestryC   Contribution  nContribution
Psco_1033                                     1        5.30900       -0.00000       -0.00178        0.01500              3
Psco_297                                      1       -2.54000        0.00000       -0.00212        0.01000              2
Psco_305                                      1        1.74000        0.00000        0.00242        0.01000              2
Psco_181                                      1       -5.28200        0.00000       -0.00259        0.01000              2
Psco_990                                      1        5.92200       -0.00000        0.00015        0.01000              2
Psco_1006                                     1        7.04800        0.00000        0.00315        0.01000              2
Psco_1031                                     1        6.24500        0.00000        0.00252        0.01000              2
Psco_928                                      1        6.00100        0.00000        0.00326        0.01000              2
Psco_968                                      1        7.56400        0.00000        0.00400        0.01000              2
Psco_984                                      1        1.01700        0.00000        0.00127        0.01000              2
Psco_962                                      1        5.93800        0.00000        0.00249        0.01000              2
Psco_925                                      1        1.72200        0.00000        0.00120        0.01000              2
Psco_965                                      1        7.22800        0.00000        0.00327        0.01000              2
Psco_664                                      1        5.54800        0.00000        0.00172        0.01000              2
Psco_561                                      1        4.90000        0.00000        0.00353        0.01000              2
Psco_500                                      1        4.80700       -0.00000       -0.00150        0.01000              2
Psco_662                                      1       -0.64400       -0.00000       -0.00117        0.01000              2
Psco_223                                      1       -2.26100        0.00000       -0.00122        0.00500              1
Psco_183                                      1        0.11600        0.00000        0.00054        0.00500              1
Psco_353                                      1       -4.21300        0.00000       -0.00087        0.00500              1
Psco_377                                      1        3.03000        0.00000        0.00078        0.00500              1
Psco_216                                      1        2.46000        0.00000        0.00289        0.00500              1
Psco_378                                      1        0.65500        0.00000        0.00069        0.00500              1
Psco_233                                      1        1.17900        0.00000        0.00158        0.00500              1
Psco_202                                      1       -3.54500       -0.00000       -0.00032        0.00500              1
Psco_170                                      1        2.54100        0.00000        0.00344        0.00500              1
Psco_178                                      1       -5.19800        0.00000       -0.00235        0.00500              1
Psco_435                                      1        2.38600        0.00000        0.00051        0.00500              1
Psco_459                                      1        1.14600        0.00000        0.00198        0.00500              1
Psco_212                                      1       -0.68000        0.00000        0.00148        0.00500              1
Psco_295                                      1       -1.43500        0.00000       -0.00080        0.00500              1
Psco_198                                      1       -7.59400        0.00000       -0.00250        0.00500              1
Psco_214                                      1       -2.74400        0.00000       -0.00085        0.00500              1
Psco_247                                      1       -3.01200       -0.00000       -0.00036        0.00500              1
Psco_1022                                     1        1.54600        0.00000        0.00274        0.00500              1
Psco_950                                      1        4.21600        0.00000        0.00400        0.00500              1
Psco_991                                      1        1.77000        0.00000        0.00292        0.00500              1
Psco_1039                                     1       -0.42500        0.00000        0.00103        0.00500              1
Psco_1047                                     1        5.03500        0.00000        0.00436        0.00500              1
Psco_975                                      1       -2.65600        0.00000       -0.00067        0.00500              1
Psco_936                                      1        6.97600        0.00000        0.00396        0.00500              1
Psco_944                                      1        0.17800        0.00000        0.00002        0.00500              1
Psco_952                                      1        3.20900        0.00000        0.00334        0.00500              1
Psco_960                                      1       -0.13200        0.00000        0.00142        0.00500              1
Psco_1009                                     1        3.36100        0.00000        0.00425        0.00500              1
Psco_1017                                     1        4.06200       -0.00000        0.00050        0.00500              1
Psco_1041                                     1        2.78100        0.00000        0.00314        0.00500              1
Psco_1057                                     1        0.81400        0.00000        0.00094        0.00500              1
Psco_914                                      1        2.32100        0.00000        0.00348        0.00500              1
Psco_930                                      1        2.77300        0.00000        0.00167        0.00500              1
Psco_938                                      1       -0.24800       -0.00000       -0.00139        0.00500              1
Psco_954                                      1        4.80900        0.00000        0.00438        0.00500              1
Psco_1003                                     1       -0.22200        0.00000        0.00094        0.00500              1
Psco_1027                                     1        3.11400        0.00000        0.00332        0.00500              1
Psco_1035                                     1        2.58200        0.00000        0.00324        0.00500              1
Psco_963                                      1        0.46800        0.00000        0.00126        0.00500              1
Psco_916                                      1        4.93100        0.00000        0.00247        0.00500              1
Psco_948                                      1        5.28400        0.00000        0.00309        0.00500              1
Psco_972                                      1        4.32000        0.00000        0.00365        0.00500              1
Psco_997                                      1        4.23600        0.00000        0.00277        0.00500              1
Psco_917                                      1        4.44100        0.00000        0.00319        0.00500              1
Psco_608                                      1        2.38600        0.00000        0.00298        0.00500              1
Psco_680                                      1        2.58600       -0.00000        0.00027        0.00500              1
Psco_505                                      1        3.82100       -0.00000        0.00051        0.00500              1
Psco_513                                      1       -1.42900        0.00000        0.00097        0.00500              1
Psco_521                                      1       -1.54500       -0.00000       -0.00153        0.00500              1
Psco_529                                      1        0.62600       -0.00000        0.00064        0.00500              1
Psco_545                                      1        0.05900        0.00000        0.00097        0.00500              1
Psco_570                                      1       -1.30300       -0.00000        0.00042        0.00500              1
Psco_578                                      1        0.20100        0.00000        0.00221        0.00500              1
Psco_714                                      1       -0.96500       -0.00000        0.00008        0.00500              1
Psco_523                                      1        2.66700        0.00000        0.00303        0.00500              1
Psco_531                                      1        2.65800        0.00000       -0.00019        0.00500              1
Psco_699                                      1        4.37300        0.00000        0.00441        0.00500              1
Psco_723                                      1        1.72600        0.00000        0.00403        0.00500              1
Psco_548                                      1        0.93200        0.00000        0.00007        0.00500              1
Psco_564                                      1        3.85100        0.00000        0.00290        0.00500              1
Psco_501                                      1        1.37500        0.00000        0.00060        0.00500              1
Psco_725_2                                    1       -2.08700       -0.00000       -0.00101        0.00500              1
Psco_614                                      1       -1.15500        0.00000        0.00023        0.00500              1
Psco_599                                      1        0.33300        0.00000        0.00060        0.00500              1
Psco_639                                      1        1.52300        0.00000        0.00248        0.00500              1
Psco_727                                      2        0.40100        0.00000        0.00109        0.00500              1
Psco_273                                      2       -8.28800        0.00000       -0.00222        0.00500              1
Psco_440                                      2       -3.49400        0.00000       -0.00036        0.00500              1
Psco_448                                      2        2.80400       -0.00000        0.00405        0.00500              1
Psco_456                                      2       -3.57000        0.00000        0.00065        0.00500              1
Psco_488                                      2        1.60800        0.00000        0.00408        0.00500              1
Psco_104                                      2       -5.79600       -0.00000       -0.00205        0.00500              1
Psco_136                                      2       -4.34400        0.00000        0.00121        0.00500              1
Psco_249                                      2       -0.52600        0.00000        0.00314        0.00500              1
Psco_489                                      2        1.01900        0.00000        0.00345        0.00500              1
Psco_113                                      2       -3.88400        0.00000        0.00024        0.00500              1
Psco_129                                      2       -1.60400        0.00000       -0.00007        0.00500              1
Psco_137                                      2       -6.86600        0.00000       -0.00201        0.00500              1
Psco_161                                      2       -1.29600        0.00000       -0.00004        0.00500              1
Psco_315                                      2        1.89800        0.00000        0.00250        0.00500              1
Psco_323                                      2       -1.14000        0.00000        0.00192        0.00500              1
Psco_466                                      2        2.21100       -0.00000       -0.00073        0.00500              1
Psco_474                                      2       -1.96500        0.00000        0.00155        0.00500              1
Psco_356                                      2        2.48700       -0.00000        0.00246        0.00500              1
Psco_380                                      2        0.66300        0.00000        0.00345        0.00500              1
Psco_195                                      2       -4.15700        0.00000       -0.00107        0.00500              1
Psco_227                                      2        0.50100        0.00000        0.00143        0.00500              1
Psco_269                                      2      -10.45800       -0.00000       -0.00416        0.00500              1
Psco_285                                      2       -0.91900       -0.00000        0.00197        0.00500              1
Psco_428                                      2        2.28100       -0.00000       -0.00038        0.00500              1
Psco_444                                      2       -1.95900        0.00000        0.00049        0.00500              1
Psco_460                                      2       -2.20300        0.00000        0.00167        0.00500              1
Psco_468                                      2       -0.61200        0.00000       -0.00202        0.00500              1
Psco_476                                      2       -0.87500        0.00000        0.00133        0.00500              1
Psco_116                                      2       -4.71300       -0.00000       -0.00145        0.00500              1
Psco_156                                      2       -4.59500        0.00000       -0.00040        0.00500              1
Psco_172                                      2        1.10000       -0.00000        0.00234        0.00500              1
Psco_294                                      2       -3.46800        0.00000       -0.00080        0.00500              1
Psco_302                                      2       -6.41000       -0.00000       -0.00277        0.00500              1
Psco_366                                      2       -3.61600        0.00000       -0.00158        0.00500              1
Psco_254                                      2        2.56100       -0.00000        0.00285        0.00500              1
Psco_422                                      2       -1.38700       -0.00000       -0.00214        0.00500              1
Psco_470                                      2       -0.79400        0.00000        0.00243        0.00500              1
Psco_110                                      2       -1.10100        0.00000       -0.00072        0.00500              1
Psco_296                                      2       -1.60300        0.00000       -0.00006        0.00500              1
Psco_304                                      2       -0.07300       -0.00000        0.00063        0.00500              1
Psco_423                                      2        1.33500        0.00000       -0.00059        0.00500              1
Psco_463                                      2        5.19400        0.00000        0.00472        0.00500              1
Psco_471                                      2        1.90600        0.00000        0.00156        0.00500              1
Psco_910                                      2        0.48800       -0.00000        0.00004        0.00500              1
Psco_918                                      2        3.21500        0.00000        0.00469        0.00500              1
Psco_926                                      2        0.04000        0.00000        0.00159        0.00500              1
Psco_1038                                     2        0.25500        0.00000        0.00185        0.00500              1
Psco_1054                                     2        0.04400        0.00000        0.00233        0.00500              1
Psco_974                                      2        3.58100        0.00000        0.00008        0.00500              1
Psco_911                                      2        2.62300        0.00000        0.00222        0.00500              1
Psco_919                                      2        3.72800        0.00000        0.00343        0.00500              1
Psco_927                                      2        5.03400        0.00000        0.00231        0.00500              1
Psco_935                                      2        4.33600        0.00000        0.00354        0.00500              1
Psco_943                                      2        6.96500        0.00000        0.00420        0.00500              1
Psco_951                                      2        3.01900        0.00000        0.00238        0.00500              1
Psco_983                                      2        1.65100        0.00000        0.00156        0.00500              1
Psco_1024                                     2        1.63900        0.00000        0.00461        0.00500              1
Psco_1032                                     2        5.90000        0.00000        0.00430        0.00500              1
Psco_1040                                     2        5.80100       -0.00000        0.00097        0.00500              1
Psco_1056                                     2       -1.40400        0.00000        0.00103        0.00500              1
Psco_913                                      2        4.47700        0.00000        0.00346        0.00500              1
Psco_929                                      2       -1.88600        0.00000        0.00135        0.00500              1
Psco_937                                      2        3.97500        0.00000        0.00285        0.00500              1
Psco_945                                      2        3.06300        0.00000        0.00226        0.00500              1
Psco_961                                      2       -1.34300       -0.00000        0.00105        0.00500              1
Psco_994                                      2        2.89400       -0.00000        0.00197        0.00500              1
Psco_1026                                     2        0.62500        0.00000        0.00160        0.00500              1
Psco_1034                                     2        1.18400        0.00000        0.00179        0.00500              1
Psco_1058                                     2       -0.90400        0.00000        0.00164        0.00500              1
Psco_978                                      2        0.92200        0.00000        0.00219        0.00500              1
Psco_915                                      2        5.66200        0.00000        0.00457        0.00500              1
Psco_923                                      2        0.71300        0.00000        0.00249        0.00500              1
Psco_931                                      2        5.69200        0.00000        0.00341        0.00500              1
Psco_947                                      2        2.56700       -0.00000       -0.00185        0.00500              1
Psco_987                                      2        5.86800        0.00000        0.00373        0.00500              1
Psco_996                                      2       -0.95800        0.00000        0.00176        0.00500              1
Psco_1012                                     2       -0.95500        0.00000        0.00261        0.00500              1
Psco_1020                                     2       -1.49700        0.00000        0.00112        0.00500              1
Psco_1036                                     2       -0.70300       -0.00000        0.00017        0.00500              1
Psco_980                                      2        2.52700        0.00000        0.00265        0.00500              1
Psco_1013                                     2        4.63500        0.00000        0.00382        0.00500              1
Psco_1053                                     2        5.95500        0.00000        0.00417        0.00500              1
Psco_973                                      2        3.47900       -0.00000        0.00249        0.00500              1
Psco_989                                      2        0.61400        0.00000        0.00117        0.00500              1
Psco_512                                      2        1.18500        0.00000        0.00189        0.00500              1
Psco_568                                      2        0.19300        0.00000        0.00224        0.00500              1
Psco_696                                      2        0.01400        0.00000        0.00313        0.00500              1
Psco_601                                      2       -1.41800        0.00000        0.00100        0.00500              1
Psco_633                                      2        0.31200        0.00000        0.00207        0.00500              1
Psco_641                                      2        0.84900        0.00000        0.00254        0.00500              1
Psco_594                                      2       -0.86300       -0.00000       -0.00068        0.00500              1
Psco_603                                      2       -0.72600       -0.00000       -0.00007        0.00500              1
Psco_627                                      2       -1.69600       -0.00000       -0.00028        0.00500              1
Psco_635                                      2        2.04700        0.00000        0.00242        0.00500              1
Psco_620                                      2       -1.52600        0.00000        0.00002        0.00500              1
Psco_605                                      2        4.29100        0.00000        0.00329        0.00500              1
Psco_694                                      2        4.09100        0.00000        0.00344        0.00500              1
Psco_702                                      2        0.49900        0.00000       -0.00009        0.00500              1
Psco_583                                      2        3.42800        0.00000        0.00327        0.00500              1
