        Iteration        AcceptPct        Objective        Penalties   FrontierDegree     SelCriterion  SelCriterionStd  MaxSelCriterPct       Coancestry   CoancestryRate MinCoancestryPct       Inbreeding   InbreedingRate MinInbreedingPct
                0              NaN          0.17084          0.00000         46.12970         -0.58111          0.11767         13.08739          0.00830          0.00830         13.61392          0.00112          0.02893              NaN
                1         57.77778          0.35510          0.00000         49.33312          0.08666          0.27641         27.20191          0.00667          0.00667         31.66214          0.00667          0.03433              NaN
              103         10.37037          0.95546          0.00000         40.14042          2.26253          0.79362         73.19239          0.00396          0.00396         61.72201         -0.00233          0.02558              NaN
              205          9.62963          0.99022          0.00000         40.08958          2.38852          0.82357         75.85551          0.00377          0.00377         63.85270         -0.00033          0.02752              NaN
              306          6.29630          1.00583          0.00000         40.03707          2.44508          0.83701         77.05089          0.00369          0.00369         64.73836         -0.00046          0.02740              NaN
              414          7.03704          1.01836          0.00000         40.03008          2.49048          0.84781         78.01060          0.00361          0.00361         65.52848          0.00109          0.02890              NaN
              515          4.44444          1.02508          0.00000         40.04019          2.51487          0.85360         78.52591          0.00357          0.00357         65.98497         -0.00014          0.02771              NaN
              617         11.11111          1.03048          0.00000         40.04504          2.53444          0.85825         78.93955          0.00354          0.00354         66.34397         -0.00150          0.02639              NaN
              720         37.40741          1.03315          0.00000         40.03531          2.54411          0.86055         79.14416          0.00353          0.00353         66.49299          0.00211          0.02989              NaN
              821         54.44444          1.03560          0.00000         40.00587          2.55298          0.86266         79.33153          0.00352          0.00352         66.58091         -0.00260          0.02532              NaN
              900         55.92592          1.03566          0.00000         40.00287          2.55319          0.86271         79.33587          0.00352          0.00352         66.57747          0.00329          0.03105              NaN
