        Iteration        AcceptPct        Objective        Penalties   FrontierDegree     SelCriterion  SelCriterionStd  MaxSelCriterPct       Coancestry   CoancestryRate MinCoancestryPct       Inbreeding   InbreedingRate MinInbreedingPct
                0              NaN          0.35633          0.00000         80.42717         -0.62370          0.10755         12.18707          0.00301          0.00301         72.26271          0.00332          0.03107              NaN
                1         55.18519          0.71118          0.00000         71.84411         -0.04949          0.24404         24.32394          0.00283          0.00283         74.17410         -0.00252          0.02539              NaN
              108          6.66667          0.92435          0.00000         70.02771          0.29543          0.32603         31.61461          0.00168          0.00168         86.99129         -0.01003          0.01809              NaN
              223          3.33333          0.95993          0.00000         70.01285          0.35302          0.33972         32.83166          0.00138          0.00138         90.26723          0.00370          0.03144              NaN
              352          3.33333          0.97085          0.00000         70.00929          0.37068          0.34392         33.20514          0.00129          0.00129         91.27643         -0.00549          0.02251              NaN
              481          2.96296          0.97986          0.00000         70.04927          0.38526          0.34738         33.51321          0.00119          0.00119         92.32373          0.00048          0.02831              NaN
              608          2.96296          0.98876          0.00000         70.00165          0.39966          0.35081         33.81757          0.00114          0.00114         92.92136          0.00278          0.03055              NaN
              709          2.59259          0.99281          0.00000         70.00078          0.40622          0.35237         33.95623          0.00111          0.00111         93.29791         -0.00365          0.02430              NaN
              813          2.59259          0.99520          0.00000         70.01243          0.41009          0.35329         34.03792          0.00108          0.00108         93.58161         -0.00069          0.02717              NaN
              913          3.70370          0.99838          0.00000         70.00877          0.41524          0.35451         34.14678          0.00105          0.00105         93.86218         -0.00003          0.02781              NaN
             1034         49.62963          1.00141          0.00000         70.00018          0.42013          0.35567         34.25024          0.00103          0.00103         94.10270         -0.00681          0.02123              NaN
             1145         37.40741          1.00417          0.00000         70.00722          0.42460          0.35673         34.34462          0.00101          0.00101         94.39806         -0.00731          0.02074              NaN
             1300         55.92592          1.00537          0.00000         70.00093          0.42653          0.35719         34.38552          0.00100          0.00100         94.47819         -0.00381          0.02414              NaN
