        Iteration        AcceptPct        Objective        Penalties   FrontierDegree     SelCriterion  SelCriterionStd  MaxSelCriterPct       Coancestry   CoancestryRate MinCoancestryPct       Inbreeding   InbreedingRate MinInbreedingPct
                0              NaN          0.17221          0.00000         81.05013         -0.67660          0.09498         11.06915          0.00318          0.00318         70.28586          0.00665          0.03431              NaN
                1         54.81482          0.26810          0.00000         77.09451         -0.38497          0.16430         17.23302          0.00274          0.00274         75.21022         -0.00720          0.02085              NaN
              103         11.11111          0.93116          0.00000         50.20468          1.63147          0.64361         59.85390          0.00304          0.00304         71.85081          0.00301          0.03077              NaN
              211         13.33333          0.98507          0.00000         50.05029          1.79542          0.68258         63.31915          0.00270          0.00270         75.59549         -0.00205          0.02585              NaN
              311          6.29630          1.00667          0.00000         50.00900          1.86109          0.69819         64.70719          0.00257          0.00257         77.13965          0.00482          0.03253              NaN
              416          7.40741          1.01588          0.00000         50.00006          1.88910          0.70485         65.29923          0.00250          0.00250         77.82076          0.00107          0.02888              NaN
              517          4.07407          1.02427          0.00000         50.01690          1.91462          0.71092         65.83874          0.00244          0.00244         78.51059         -0.00149          0.02640              NaN
              650          7.03704          1.02954          0.00000         50.03209          1.93064          0.71473         66.17725          0.00240          0.00240         78.95674         -0.00376          0.02419              NaN
              755         59.25926          1.03202          0.00000         50.00013          1.93819          0.71652         66.33683          0.00239          0.00239         79.05751          0.00381          0.03155              NaN
              867         54.81482          1.03417          0.00000         50.00938          1.94475          0.71808         66.47549          0.00237          0.00237         79.24873          0.00692          0.03457              NaN
              900         68.51852          1.03417          0.00000         50.00938          1.94475          0.71808         66.47549          0.00237          0.00237         79.24873          0.00692          0.03457              NaN
