        Iteration        AcceptPct        Objective        Penalties   FrontierDegree     SelCriterion  SelCriterionStd  MaxSelCriterPct       Coancestry   CoancestryRate MinCoancestryPct       Inbreeding   InbreedingRate MinInbreedingPct
                0              NaN          0.63228          0.00000         80.59201         -0.68084          0.09397         10.97943          0.00355          0.00355         66.26404         -0.00070          0.02717              NaN
                1         55.92592          0.64799          0.00000         81.38529         -0.66793          0.09704         11.25230          0.00282          0.00282         74.27342         -0.00464          0.02333              NaN
              129          4.07407          0.91646          0.00000         80.02273         -0.44737          0.14946         15.91420          0.00136          0.00136         90.46377         -0.00562          0.02238              NaN
              253          2.22222          0.94125          0.00000         80.09420         -0.42700          0.15430         16.34465          0.00108          0.00108         93.59469         -0.00139          0.02649              NaN
              445          2.59259          0.94781          0.00000         80.04095         -0.42161          0.15559         16.45858          0.00107          0.00107         93.73296          0.00301          0.03077              NaN
              562          1.48148          0.95521          0.00000         80.01108         -0.41554          0.15703         16.58698          0.00103          0.00103         94.17590         -0.00146          0.02642              NaN
              690          1.85185          0.96670          0.00000         80.01027         -0.40610          0.15927         16.78651          0.00092          0.00092         95.30096         -0.00520          0.02279              NaN
              794          3.33333          0.96903          0.00000         80.02496         -0.40418          0.15973         16.82709          0.00089          0.00089         95.67490          0.00477          0.03249              NaN
             1000          0.74074          0.97180          0.00000         80.00368         -0.40191          0.16027         16.87507          0.00088          0.00088         95.73927         -0.00453          0.02344              NaN
