                              Id         Gender   SelCriterion AvgCoancestryA AvgCoancestryC   Contribution  nContribution
Psco_450                                      1       -2.65000       -0.00000        0.01482        0.01000              2
Psco_115                                      1       -2.92600       -0.00000        0.00969        0.01000              2
Psco_264                                      1       -4.53300       -0.00000        0.00206        0.01000              2
Psco_431                                      1        5.56100       -0.00000        0.01309        0.01000              2
Psco_368                                      1        0.79100       -0.00000        0.01462        0.01000              2
Psco_765                                      1        0.65700       -0.00000        0.01587        0.01000              2
Psco_830                                      1        4.63900       -0.00000        0.00178        0.01000              2
Psco_855                                      1        2.47800       -0.00000       -0.00045        0.01000              2
Psco_547                                      1        0.42200       -0.00000        0.01447        0.01000              2
Psco_753                                      1        3.08500       -0.00000        0.00152        0.01000              2
Psco_565_2                                    1        1.70500       -0.00000        0.00083        0.01000              2
Psco_622                                      1       -2.34200       -0.00000        0.00170        0.01000              2
Psco_867                                      1        1.68800       -0.00000        0.01595        0.01000              2
Psco_623                                      1        1.38800       -0.00000       -0.00217        0.01000              2
Psco_199                                      1        3.55900       -0.00000       -0.00364        0.00500              1
Psco_313                                      1       -4.45900       -0.00000        0.00804        0.00500              1
Psco_361                                      1       -0.92100       -0.00000        0.01569        0.00500              1
Psco_192                                      1        0.28300       -0.00000        0.01407        0.00500              1
Psco_322                                      1       -0.00900       -0.00000        0.01043        0.00500              1
Psco_201                                      1        0.28200       -0.00000        0.01379        0.00500              1
Psco_275                                      1        1.17600       -0.00000       -0.00637        0.00500              1
Psco_218                                      1       -7.22800       -0.00000        0.00337        0.00500              1
Psco_419                                      1        6.54400       -0.00000        0.01294        0.00500              1
Psco_443                                      1        1.00300       -0.00000       -0.00232        0.00500              1
Psco_451                                      1       -2.85700        0.00000        0.00305        0.00500              1
Psco_491                                      1       -4.99400       -0.00000        0.00470        0.00500              1
Psco_155                                      1        0.83300       -0.00000        0.01308        0.00500              1
Psco_171                                      1       -0.14900       -0.00000        0.01285        0.00500              1
Psco_179                                      1       -0.25800       -0.00000        0.00968        0.00500              1
Psco_270                                      1       -1.42100        0.00000        0.00093        0.00500              1
Psco_413                                      1       -5.25600       -0.00000       -0.00195        0.00500              1
Psco_461                                      1        0.01400       -0.00000       -0.00253        0.00500              1
Psco_141                                      1        6.75200       -0.00000       -0.00663        0.00500              1
Psco_157                                      1       -0.25400       -0.00000        0.01084        0.00500              1
Psco_438                                      1       -2.11700       -0.00000       -0.00399        0.00500              1
Psco_446                                      1        7.80300       -0.00000       -0.00351        0.00500              1
Psco_375                                      1       -2.56600       -0.00000        0.01004        0.00500              1
Psco_383                                      1       -6.57200       -0.00000        0.00411        0.00500              1
Psco_206                                      1       -0.22300       -0.00000        0.00841        0.00500              1
Psco_288                                      1       -2.78700       -0.00000        0.00924        0.00500              1
Psco_384                                      1       -6.90400       -0.00000        0.00158        0.00500              1
Psco_898                                      1        0.67200       -0.00000       -0.00070        0.00500              1
Psco_906                                      1        5.46000       -0.00000        0.01188        0.00500              1
Psco_900                                      1        6.00600       -0.00000       -0.00968        0.00500              1
Psco_908                                      1       -5.94400       -0.00000        0.00495        0.00500              1
Psco_415                                      1       -1.31200       -0.00000        0.00008        0.00500              1
Psco_336                                      1       -1.21100       -0.00000        0.01026        0.00500              1
Psco_616                                      1       -3.67200       -0.00000       -0.00267        0.00500              1
Psco_640                                      1        4.61800       -0.00000        0.01211        0.00500              1
Psco_672                                      1       -7.61300       -0.00000        0.00203        0.00500              1
Psco_797                                      1        2.88700       -0.00000        0.00123        0.00500              1
Psco_829                                      1        4.51300       -0.00000        0.00996        0.00500              1
Psco_749                                      1        1.21400       -0.00000        0.00125        0.00500              1
Psco_757                                      1        4.75700       -0.00000        0.01035        0.00500              1
Psco_806                                      1       -1.47700       -0.00000       -0.00111        0.00500              1
Psco_822                                      1       -0.51400       -0.00000       -0.00493        0.00500              1
Psco_498                                      1        2.59300       -0.00000        0.00092        0.00500              1
Psco_506                                      1        0.20200        0.00000       -0.00345        0.00500              1
Psco_530                                      1        2.39400       -0.00000        0.01393        0.00500              1
Psco_538                                      1       -0.44400       -0.00000       -0.00860        0.00500              1
Psco_562                                      1        4.14800       -0.00000       -0.00304        0.00500              1
Psco_706                                      1        3.54700       -0.00000       -0.00219        0.00500              1
Psco_722                                      1        3.37600       -0.00000       -0.00624        0.00500              1
Psco_839                                      1        5.43200       -0.00000        0.01334        0.00500              1
Psco_499                                      1        7.84200       -0.00000       -0.00431        0.00500              1
Psco_539                                      1        5.56500       -0.00000       -0.00301        0.00500              1
Psco_555                                      1        6.15200       -0.00000        0.01057        0.00500              1
Psco_776                                      1        4.66400       -0.00000        0.01029        0.00500              1
Psco_516                                      1        5.66500       -0.00000        0.01104        0.00500              1
Psco_588                                      1        2.29300       -0.00000        0.00060        0.00500              1
Psco_777                                      1        4.58300       -0.00000        0.00364        0.00500              1
Psco_517                                      1       -2.59100        0.00000        0.00415        0.00500              1
Psco_525                                      1       -1.40600        0.00000        0.01387        0.00500              1
Psco_541                                      1        4.13700       -0.00000        0.00917        0.00500              1
Psco_549                                      1       -3.40700       -0.00000       -0.00218        0.00500              1
Psco_573                                      1       -4.61100       -0.00000        0.01600        0.00500              1
Psco_581                                      1        3.95500       -0.00000       -0.00075        0.00500              1
Psco_693                                      1       -6.17400       -0.00000        0.00253        0.00500              1
Psco_754                                      1        4.22900       -0.00000       -0.00265        0.00500              1
Psco_874                                      1        4.54900       -0.00000        0.00204        0.00500              1
Psco_678                                      1       -1.55300       -0.00000        0.01401        0.00500              1
Psco_875                                      1        0.90600       -0.00000        0.00079        0.00500              1
Psco_607                                      1        1.41700        0.00000        0.01524        0.00500              1
Psco_804                                      1        8.26600       -0.00000        0.01178        0.00500              1
Psco_836                                      1        0.09900        0.00000       -0.00663        0.00500              1
Psco_860                                      1        0.48300       -0.00000       -0.00353        0.00500              1
Psco_143                                      2       -4.45300       -0.00000        0.00443        0.00500              1
Psco_248                                      2        4.45000       -0.00000       -0.00393        0.00500              1
Psco_281                                      2        0.91800       -0.00000        0.00938        0.00500              1
Psco_464                                      2       -2.20700       -0.00000       -0.00110        0.00500              1
Psco_480                                      2       -0.07600        0.00000       -0.00608        0.00500              1
Psco_112                                      2        0.14800       -0.00000        0.01038        0.00500              1
Psco_128                                      2       -3.61700       -0.00000       -0.00223        0.00500              1
Psco_144                                      2       -0.68000       -0.00000        0.00830        0.00500              1
Psco_176                                      2       -7.17900       -0.00000        0.00259        0.00500              1
Psco_417                                      2        1.16800       -0.00000       -0.00317        0.00500              1
Psco_425                                      2       -0.16300       -0.00000       -0.00083        0.00500              1
Psco_433                                      2        2.90400       -0.00000        0.01019        0.00500              1
Psco_481                                      2        5.25600       -0.00000        0.01193        0.00500              1
Psco_105                                      2       -1.26000       -0.00000        0.01368        0.00500              1
Psco_121                                      2        7.37100       -0.00000       -0.00602        0.00500              1
Psco_307                                      2        5.12300       -0.00000       -0.00145        0.00500              1
Psco_490                                      2        5.15600        0.00000        0.01269        0.00500              1
Psco_106                                      2       -0.60000       -0.00000        0.01038        0.00500              1
Psco_251                                      2        0.06400       -0.00000        0.00107        0.00500              1
Psco_268                                      2       -7.14300       -0.00000        0.00180        0.00500              1
Psco_284                                      2        0.05400       -0.00000        0.01624        0.00500              1
Psco_308                                      2       -0.42200       -0.00000       -0.00484        0.00500              1
Psco_332                                      2        2.23000       -0.00000        0.01493        0.00500              1
Psco_348                                      2        5.51400       -0.00000       -0.00208        0.00500              1
Psco_211                                      2       -2.13500       -0.00000        0.01222        0.00500              1
Psco_164                                      2        3.90000       -0.00000        0.01430        0.00500              1
Psco_188                                      2       -3.11900       -0.00000        0.01304        0.00500              1
Psco_326                                      2       -5.79900        0.00000        0.00062        0.00500              1
Psco_213                                      2        0.42800       -0.00000        0.01429        0.00500              1
Psco_229                                      2       -3.00300       -0.00000        0.01594        0.00500              1
Psco_263                                      2       -4.45200       -0.00000        0.01009        0.00500              1
Psco_343                                      2        3.38200       -0.00000       -0.00347        0.00500              1
Psco_150                                      2       -7.67100       -0.00000        0.00247        0.00500              1
Psco_166                                      2       -9.33000       -0.00000        0.00489        0.00500              1
Psco_479                                      2        0.14400        0.00000       -0.00216        0.00500              1
Psco_495                                      2        4.65700       -0.00000        0.01078        0.00500              1
Psco_895                                      2        4.63600        0.00000       -0.00532        0.00500              1
Psco_903                                      2        4.96300       -0.00000        0.01068        0.00500              1
Psco_897                                      2       -2.03200        0.00000        0.00216        0.00500              1
Psco_905                                      2        1.19100        0.00000       -0.00164        0.00500              1
Psco_899                                      2        3.78500       -0.00000        0.00084        0.00500              1
Psco_907                                      2        7.93000       -0.00000       -0.00286        0.00500              1
Psco_901                                      2       -4.27200       -0.00000       -0.00384        0.00500              1
Psco_320                                      2        1.40000       -0.00000        0.01008        0.00500              1
Psco_504                                      2        1.01400       -0.00000        0.01484        0.00500              1
Psco_560                                      2        5.20700       -0.00000        0.01340        0.00500              1
Psco_712                                      2        2.03700        0.00000       -0.00416        0.00500              1
Psco_845                                      2        5.87800       -0.00000        0.01076        0.00500              1
Psco_853                                      2        1.38500       -0.00000       -0.00281        0.00500              1
Psco_877                                      2        2.38100       -0.00000        0.00042        0.00500              1
Psco_885                                      2        5.78300       -0.00000       -0.00375        0.00500              1
Psco_593                                      2        2.05800       -0.00000       -0.00251        0.00500              1
Psco_585                                      2        8.70600       -0.00000       -0.00390        0.00500              1
Psco_697                                      2        3.74800       -0.00000       -0.00936        0.00500              1
Psco_705                                      2        2.52400       -0.00000        0.01063        0.00500              1
Psco_838                                      2        2.14800       -0.00000       -0.00101        0.00500              1
Psco_854                                      2        2.70900       -0.00000       -0.00331        0.00500              1
Psco_878                                      2        5.18600       -0.00000       -0.00265        0.00500              1
Psco_886                                      2        1.60300       -0.00000       -0.00259        0.00500              1
Psco_602                                      2        2.55600       -0.00000       -0.00201        0.00500              1
Psco_618                                      2        3.37700       -0.00000        0.01344        0.00500              1
Psco_626                                      2        4.56100       -0.00000        0.01155        0.00500              1
Psco_642                                      2        1.74700       -0.00000       -0.00210        0.00500              1
Psco_650                                      2       -3.69000       -0.00000        0.01566        0.00500              1
Psco_658                                      2        5.04200       -0.00000        0.01268        0.00500              1
Psco_666                                      2        0.63600       -0.00000       -0.00449        0.00500              1
Psco_698                                      2        1.55400       -0.00000        0.01462        0.00500              1
Psco_619                                      2        2.78500       -0.00000       -0.00644        0.00500              1
Psco_675                                      2        2.69600       -0.00000       -0.00100        0.00500              1
Psco_800                                      2        0.85500       -0.00000       -0.00132        0.00500              1
Psco_808                                      2        2.32200       -0.00000       -0.00648        0.00500              1
Psco_824                                      2        4.60600       -0.00000        0.00061        0.00500              1
Psco_856                                      2        2.52000       -0.00000       -0.00433        0.00500              1
Psco_880                                      2       -2.07500       -0.00000        0.01503        0.00500              1
Psco_888                                      2        2.49300       -0.00000       -0.00145        0.00500              1
Psco_668                                      2        6.83100       -0.00000        0.01086        0.00500              1
Psco_676                                      2        2.74000       -0.00000       -0.00216        0.00500              1
Psco_809                                      2        3.15700       -0.00000        0.00277        0.00500              1
Psco_841                                      2        3.09400       -0.00000       -0.00010        0.00500              1
Psco_865                                      2        7.38100        0.00000       -0.00463        0.00500              1
Psco_873                                      2        5.74300       -0.00000       -0.00571        0.00500              1
Psco_889                                      2        8.36200       -0.00000       -0.00497        0.00500              1
Psco_661                                      2       -3.61200       -0.00000        0.01557        0.00500              1
Psco_669                                      2        6.56400       -0.00000        0.01206        0.00500              1
Psco_818                                      2        0.77300        0.00000       -0.00231        0.00500              1
Psco_826                                      2        1.17900       -0.00000        0.01624        0.00500              1
Psco_850                                      2        0.99000       -0.00000       -0.00559        0.00500              1
Psco_502                                      2        2.33000       -0.00000       -0.00175        0.00500              1
Psco_518                                      2        4.85700       -0.00000        0.01170        0.00500              1
Psco_542                                      2       -1.22700       -0.00000        0.01404        0.00500              1
Psco_710                                      2        2.88700       -0.00000       -0.00370        0.00500              1
Psco_747                                      2        0.83900       -0.00000       -0.00017        0.00500              1
Psco_795                                      2        0.55700       -0.00000       -0.00064        0.00500              1
Psco_519                                      2        2.79300       -0.00000        0.00003        0.00500              1
Psco_543                                      2        1.41300       -0.00000       -0.00219        0.00500              1
Psco_551                                      2       -1.01000       -0.00000       -0.00355        0.00500              1
Psco_591                                      2        1.18800       -0.00000       -0.00132        0.00500              1
Psco_852                                      2        4.62300       -0.00000        0.01246        0.00500              1
Psco_772                                      2       -0.20600       -0.00000        0.01569        0.00500              1
Psco_796                                      2       -4.12000       -0.00000        0.00309        0.00500              1
