                              Id         Gender   SelCriterion AvgCoancestryA AvgCoancestryC   Contribution  nContribution
Psco_362                                      1        5.37000        0.00000        0.02615        0.01500              3
Psco_434                                      1        7.19200        0.00000        0.02542        0.01500              3
Psco_210                                      1        6.57800        0.00000        0.00902        0.01500              3
Psco_419                                      1        6.54400       -0.00000        0.02571        0.01500              3
Psco_317                                      1        9.81600       -0.00000        0.00843        0.01500              3
Psco_141                                      1        6.75200       -0.00000        0.00841        0.01500              3
Psco_446                                      1        7.80300       -0.00000        0.02397        0.01500              3
Psco_431                                      1        5.56100       -0.00000        0.02379        0.01500              3
Psco_906                                      1        5.46000       -0.00000        0.02408        0.01500              3
Psco_900                                      1        6.00600       -0.00000        0.02086        0.01500              3
Psco_789                                      1        4.80000        0.00000       -0.00545        0.01500              3
Psco_814                                      1        8.86000        0.00000        0.02623        0.01500              3
Psco_750                                      1        6.52400        0.00000        0.02242        0.01500              3
Psco_766                                      1        5.74600        0.00000        0.01222        0.01500              3
Psco_839                                      1        5.43200       -0.00000        0.02508        0.01500              3
Psco_791                                      1        6.65500       -0.00000        0.01125        0.01500              3
Psco_499                                      1        7.84200       -0.00000        0.02414        0.01500              3
Psco_539                                      1        5.56500       -0.00000       -0.00086        0.01500              3
Psco_555                                      1        6.15200       -0.00000        0.02286        0.01500              3
Psco_579                                      1        6.00300        0.00000        0.01727        0.01500              3
Psco_840                                      1        6.12900        0.00000        0.02565        0.01500              3
Psco_760                                      1        5.32700        0.00000        0.01732        0.01500              3
Psco_508                                      1        5.34400        0.00000        0.02226        0.01500              3
Psco_516                                      1        5.66500       -0.00000        0.02057        0.01500              3
Psco_580                                      1        5.68800        0.00000        0.02366        0.01500              3
Psco_700                                      1        5.66300       -0.00000        0.01408        0.01500              3
Psco_769                                      1        5.47800        0.00000        0.02083        0.01500              3
Psco_509                                      1        5.26100        0.00000        0.02176        0.01500              3
Psco_746                                      1        5.61700        0.00000        0.01232        0.01500              3
Psco_866                                      1        4.71400        0.00000        0.00169        0.01500              3
Psco_804                                      1        8.26600       -0.00000        0.02292        0.01500              3
Psco_884                                      1        6.05100       -0.00000        0.01290        0.01500              3
Psco_581                                      1        3.95500       -0.00000       -0.01430        0.01000              2
Psco_868                                      1        5.19400        0.00000        0.01433        0.01000              2
Psco_103                                      2        4.01900        0.00000        0.02273        0.00500              1
Psco_248                                      2        4.45000       -0.00000        0.02171        0.00500              1
Psco_433                                      2        2.90400       -0.00000        0.02025        0.00500              1
Psco_465                                      2        3.72300        0.00000        0.01468        0.00500              1
Psco_473                                      2        5.85800        0.00000        0.02031        0.00500              1
Psco_481                                      2        5.25600       -0.00000        0.02392        0.00500              1
Psco_121                                      2        7.37100       -0.00000        0.00916        0.00500              1
Psco_169                                      2        2.48100        0.00000       -0.00849        0.00500              1
Psco_307                                      2        5.12300       -0.00000        0.02535        0.00500              1
Psco_490                                      2        5.15600        0.00000        0.02200        0.00500              1
Psco_130                                      2        5.26700        0.00000        0.02140        0.00500              1
Psco_332                                      2        2.23000       -0.00000       -0.02437        0.00500              1
Psco_348                                      2        5.51400       -0.00000        0.02605        0.00500              1
Psco_243                                      2        5.36500       -0.00000        0.02550        0.00500              1
Psco_484                                      2        5.15200       -0.00000        0.02127        0.00500              1
Psco_492                                      2        5.37500       -0.00000        0.02180        0.00500              1
Psco_164                                      2        3.90000       -0.00000       -0.02756        0.00500              1
Psco_205                                      2        4.22200        0.00000        0.00695        0.00500              1
Psco_279                                      2        3.30300        0.00000        0.01727        0.00500              1
Psco_343                                      2        3.38200       -0.00000        0.02442        0.00500              1
Psco_351                                      2        4.04900        0.00000        0.01679        0.00500              1
Psco_478                                      2        1.93000        0.00000        0.00050        0.00500              1
Psco_486                                      2        4.93900        0.00000        0.01477        0.00500              1
Psco_118                                      2        5.44500        0.00000        0.02447        0.00500              1
Psco_190                                      2        3.97200        0.00000        0.02808        0.00500              1
Psco_447                                      2        4.51200        0.00000        0.01761        0.00500              1
Psco_495                                      2        4.65700       -0.00000        0.02225        0.00500              1
Psco_902                                      2        4.95300        0.00000        0.02352        0.00500              1
Psco_895                                      2        4.63600        0.00000        0.00372        0.00500              1
Psco_903                                      2        4.96300       -0.00000        0.02870        0.00500              1
Psco_899                                      2        3.78500       -0.00000        0.00279        0.00500              1
Psco_907                                      2        7.93000       -0.00000        0.02384        0.00500              1
Psco_496                                      2        2.67300        0.00000       -0.02442        0.00500              1
Psco_552                                      2        7.16400       -0.00000        0.01808        0.00500              1
Psco_560                                      2        5.20700       -0.00000        0.02310        0.00500              1
Psco_576                                      2        7.29300        0.00000        0.01469        0.00500              1
Psco_712                                      2        2.03700        0.00000        0.01070        0.00500              1
Psco_837                                      2        3.98800       -0.00000        0.01874        0.00500              1
Psco_845                                      2        5.87800       -0.00000        0.01955        0.00500              1
Psco_861                                      2        5.54300       -0.00000        0.01997        0.00500              1
Psco_869                                      2        2.99000        0.00000        0.00021        0.00500              1
Psco_877                                      2        2.38100       -0.00000        0.00378        0.00500              1
Psco_885                                      2        5.78300       -0.00000        0.02324        0.00500              1
Psco_593                                      2        2.05800       -0.00000       -0.00860        0.00500              1
Psco_657                                      2        4.62100        0.00000        0.02627        0.00500              1
Psco_585                                      2        8.70600       -0.00000        0.02360        0.00500              1
Psco_697                                      2        3.74800       -0.00000        0.01555        0.00500              1
Psco_705                                      2        2.52400       -0.00000        0.02120        0.00500              1
Psco_713                                      2        5.11400        0.00000        0.02059        0.00500              1
Psco_846                                      2        4.56100       -0.00000        0.02545        0.00500              1
Psco_854                                      2        2.70900       -0.00000        0.01529        0.00500              1
Psco_878                                      2        5.18600       -0.00000        0.02003        0.00500              1
Psco_602                                      2        2.55600       -0.00000        0.01868        0.00500              1
Psco_618                                      2        3.37700       -0.00000        0.01776        0.00500              1
Psco_626                                      2        4.56100       -0.00000        0.01514        0.00500              1
Psco_658                                      2        5.04200       -0.00000        0.02038        0.00500              1
Psco_698                                      2        1.55400       -0.00000       -0.02608        0.00500              1
Psco_815                                      2        7.33700        0.00000        0.02732        0.00500              1
Psco_823                                      2        2.21600        0.00000       -0.00079        0.00500              1
Psco_831                                      2        1.98200       -0.00000       -0.02385        0.00500              1
Psco_751                                      2        3.93700        0.00000       -0.01720        0.00500              1
Psco_767                                      2        5.94000        0.00000        0.01222        0.00500              1
Psco_879                                      2        2.38700        0.00000        0.00720        0.00500              1
Psco_887                                      2        3.49200        0.00000        0.01615        0.00500              1
Psco_595                                      2        5.60900        0.00000        0.01412        0.00500              1
Psco_619                                      2        2.78500       -0.00000        0.02032        0.00500              1
Psco_651                                      2        2.92400        0.00000        0.01492        0.00500              1
Psco_667                                      2        3.60700       -0.00000        0.02107        0.00500              1
Psco_675                                      2        2.69600       -0.00000        0.01925        0.00500              1
Psco_824                                      2        4.60600       -0.00000        0.01092        0.00500              1
Psco_856                                      2        2.52000       -0.00000        0.00552        0.00500              1
Psco_864                                      2        5.89500       -0.00000        0.01852        0.00500              1
Psco_888                                      2        2.49300       -0.00000        0.00372        0.00500              1
Psco_668                                      2        6.83100       -0.00000        0.01914        0.00500              1
Psco_676                                      2        2.74000       -0.00000       -0.01028        0.00500              1
Psco_684                                      2        4.23200       -0.00000        0.02519        0.00500              1
Psco_809                                      2        3.15700       -0.00000        0.01463        0.00500              1
Psco_817                                      2        3.83500        0.00000        0.01091        0.00500              1
Psco_841                                      2        3.09400       -0.00000        0.02133        0.00500              1
Psco_857                                      2        2.48500       -0.00000        0.01536        0.00500              1
Psco_865                                      2        7.38100        0.00000        0.01157        0.00500              1
Psco_873                                      2        5.74300       -0.00000        0.01455        0.00500              1
Psco_889                                      2        8.36200       -0.00000        0.02681        0.00500              1
Psco_597                                      2        4.32000        0.00000        0.01669        0.00500              1
Psco_669                                      2        6.56400       -0.00000        0.02148        0.00500              1
Psco_685                                      2        4.84400       -0.00000        0.01682        0.00500              1
Psco_842                                      2        6.73400        0.00000        0.02311        0.00500              1
Psco_770                                      2        3.14800       -0.00000       -0.01514        0.00500              1
Psco_794                                      2        3.52600        0.00000       -0.00697        0.00500              1
Psco_502                                      2        2.33000       -0.00000        0.00835        0.00500              1
Psco_518                                      2        4.85700       -0.00000        0.01878        0.00500              1
Psco_558                                      2        2.49200       -0.00000        0.01029        0.00500              1
Psco_710                                      2        2.88700       -0.00000        0.01903        0.00500              1
Psco_771                                      2        6.39200        0.00000        0.01955        0.00500              1
Psco_787                                      2        5.21700        0.00000        0.00681        0.00500              1
Psco_503                                      2        2.95100        0.00000       -0.00228        0.00500              1
Psco_519                                      2        2.79300       -0.00000        0.02086        0.00500              1
Psco_527                                      2        8.94900        0.00000        0.02863        0.00500              1
Psco_575                                      2        4.88000        0.00000        0.02592        0.00500              1
Psco_852                                      2        4.62300       -0.00000        0.01958        0.00500              1
