                              Id         Gender   SelCriterion AvgCoancestryA AvgCoancestryC   Contribution  nContribution
Psco_434                                      1        7.19200        0.00000        0.00669        0.01500              3
Psco_317                                      1        9.81600       -0.00000        0.00584        0.01500              3
Psco_900                                      1        6.00600       -0.00000        0.00593        0.01500              3
Psco_829                                      1        4.51300       -0.00000        0.00310        0.01500              3
Psco_789                                      1        4.80000        0.00000        0.00193        0.01500              3
Psco_814                                      1        8.86000        0.00000        0.00827        0.01500              3
Psco_830                                      1        4.63900       -0.00000       -0.00032        0.01500              3
Psco_530                                      1        2.39400       -0.00000       -0.00108        0.01500              3
Psco_791                                      1        6.65500       -0.00000        0.00116        0.01500              3
Psco_539                                      1        5.56500       -0.00000       -0.00016        0.01500              3
Psco_581                                      1        3.95500       -0.00000       -0.00195        0.01500              3
Psco_804                                      1        8.26600       -0.00000        0.00561        0.01500              3
Psco_167                                      1        2.41000        0.00000       -0.00019        0.01000              2
Psco_362                                      1        5.37000        0.00000        0.00829        0.01000              2
Psco_275                                      1        1.17600       -0.00000       -0.00388        0.01000              2
Psco_210                                      1        6.57800        0.00000        0.00475        0.01000              2
Psco_419                                      1        6.54400       -0.00000        0.00795        0.01000              2
Psco_467                                      1        2.66700        0.00000        0.00174        0.01000              2
Psco_446                                      1        7.80300       -0.00000        0.00714        0.01000              2
Psco_798                                      1        5.23400        0.00000        0.00555        0.01000              2
Psco_750                                      1        6.52400        0.00000        0.00625        0.01000              2
Psco_498                                      1        2.59300       -0.00000       -0.00201        0.01000              2
Psco_499                                      1        7.84200       -0.00000        0.00724        0.01000              2
Psco_555                                      1        6.15200       -0.00000        0.00626        0.01000              2
Psco_579                                      1        6.00300        0.00000        0.00491        0.01000              2
Psco_700                                      1        5.66300       -0.00000        0.00574        0.01000              2
Psco_761                                      1        4.21100       -0.00000        0.00299        0.01000              2
Psco_754                                      1        4.22900       -0.00000       -0.00000        0.01000              2
Psco_866                                      1        4.71400        0.00000        0.00209        0.01000              2
Psco_874                                      1        4.54900       -0.00000        0.00463        0.01000              2
Psco_756                                      1        4.54600        0.00000        0.00303        0.01000              2
Psco_884                                      1        6.05100       -0.00000        0.00508        0.01000              2
Psco_283                                      1        0.23900       -0.00000       -0.00098        0.00500              1
Psco_381                                      1        1.75900       -0.00000        0.00221        0.00500              1
Psco_141                                      1        6.75200       -0.00000        0.00524        0.00500              1
Psco_157                                      1       -0.25400       -0.00000       -0.00131        0.00500              1
Psco_797                                      1        2.88700       -0.00000        0.00106        0.00500              1
Psco_766                                      1        5.74600        0.00000        0.00547        0.00500              1
Psco_774                                      1        1.77900        0.00000        0.00278        0.00500              1
Psco_562                                      1        4.14800       -0.00000        0.00205        0.00500              1
Psco_563                                      1        4.18500       -0.00000        0.00718        0.00500              1
Psco_840                                      1        6.12900        0.00000        0.00596        0.00500              1
Psco_760                                      1        5.32700        0.00000        0.00493        0.00500              1
Psco_784                                      1        2.20300        0.00000        0.00135        0.00500              1
Psco_516                                      1        5.66500       -0.00000        0.00524        0.00500              1
Psco_588                                      1        2.29300       -0.00000       -0.00246        0.00500              1
Psco_753                                      1        3.08500       -0.00000        0.00433        0.00500              1
Psco_769                                      1        5.47800        0.00000        0.00573        0.00500              1
Psco_509                                      1        5.26100        0.00000        0.00631        0.00500              1
Psco_589                                      1        4.45100        0.00000        0.00463        0.00500              1
Psco_746                                      1        5.61700        0.00000        0.00519        0.00500              1
Psco_803                                      1        2.49600        0.00000        0.00189        0.00500              1
Psco_867                                      1        1.68800       -0.00000        0.00128        0.00500              1
Psco_679                                      1        2.49400       -0.00000       -0.00111        0.00500              1
Psco_687                                      1        4.20600        0.00000        0.00582        0.00500              1
Psco_868                                      1        5.19400        0.00000        0.00470        0.00500              1
Psco_103                                      2        4.01900        0.00000        0.00687        0.00500              1
Psco_143                                      2       -4.45300       -0.00000       -0.00723        0.00500              1
Psco_248                                      2        4.45000       -0.00000        0.00708        0.00500              1
Psco_281                                      2        0.91800       -0.00000        0.00013        0.00500              1
Psco_416                                      2        0.86100        0.00000       -0.00032        0.00500              1
Psco_424                                      2       -1.05000        0.00000       -0.00493        0.00500              1
Psco_472                                      2        1.17500        0.00000        0.00161        0.00500              1
Psco_112                                      2        0.14800       -0.00000       -0.00040        0.00500              1
Psco_417                                      2        1.16800       -0.00000        0.00106        0.00500              1
Psco_425                                      2       -0.16300       -0.00000       -0.00204        0.00500              1
Psco_473                                      2        5.85800        0.00000        0.00715        0.00500              1
Psco_481                                      2        5.25600       -0.00000        0.00536        0.00500              1
Psco_105                                      2       -1.26000       -0.00000       -0.00160        0.00500              1
Psco_121                                      2        7.37100       -0.00000        0.00561        0.00500              1
Psco_153                                      2        1.82800        0.00000        0.00223        0.00500              1
Psco_169                                      2        2.48100        0.00000       -0.00278        0.00500              1
Psco_307                                      2        5.12300       -0.00000        0.00900        0.00500              1
Psco_490                                      2        5.15600        0.00000        0.00582        0.00500              1
Psco_114                                      2       -1.87500       -0.00000       -0.00332        0.00500              1
Psco_130                                      2        5.26700        0.00000        0.00725        0.00500              1
Psco_251                                      2        0.06400       -0.00000       -0.00225        0.00500              1
Psco_284                                      2        0.05400       -0.00000       -0.00107        0.00500              1
Psco_388                                      2       -1.61100       -0.00000       -0.00203        0.00500              1
Psco_324                                      2       -1.07200        0.00000       -0.00046        0.00500              1
Psco_332                                      2        2.23000       -0.00000        0.00265        0.00500              1
Psco_348                                      2        5.51400       -0.00000        0.00807        0.00500              1
Psco_243                                      2        5.36500       -0.00000        0.00858        0.00500              1
Psco_484                                      2        5.15200       -0.00000        0.00826        0.00500              1
Psco_492                                      2        5.37500       -0.00000        0.00540        0.00500              1
Psco_164                                      2        3.90000       -0.00000        0.00064        0.00500              1
Psco_180                                      2       -2.15200        0.00000       -0.00512        0.00500              1
Psco_213                                      2        0.42800       -0.00000        0.00007        0.00500              1
Psco_351                                      2        4.04900        0.00000        0.00392        0.00500              1
Psco_486                                      2        4.93900        0.00000        0.00523        0.00500              1
Psco_182                                      2        0.34200        0.00000       -0.00328        0.00500              1
Psco_447                                      2        4.51200        0.00000        0.00525        0.00500              1
Psco_487                                      2       -0.96300        0.00000        0.00022        0.00500              1
Psco_495                                      2        4.65700       -0.00000        0.00529        0.00500              1
Psco_895                                      2        4.63600        0.00000        0.00247        0.00500              1
Psco_903                                      2        4.96300       -0.00000        0.00639        0.00500              1
Psco_897                                      2       -2.03200        0.00000       -0.00458        0.00500              1
Psco_905                                      2        1.19100        0.00000       -0.00045        0.00500              1
Psco_899                                      2        3.78500       -0.00000        0.00031        0.00500              1
Psco_907                                      2        7.93000       -0.00000        0.00791        0.00500              1
Psco_320                                      2        1.40000       -0.00000       -0.00038        0.00500              1
Psco_496                                      2        2.67300        0.00000        0.00259        0.00500              1
Psco_504                                      2        1.01400       -0.00000       -0.00053        0.00500              1
Psco_544                                      2       -1.65500       -0.00000       -0.00274        0.00500              1
Psco_552                                      2        7.16400       -0.00000        0.00515        0.00500              1
Psco_576                                      2        7.29300        0.00000        0.00606        0.00500              1
Psco_837                                      2        3.98800       -0.00000        0.00675        0.00500              1
Psco_845                                      2        5.87800       -0.00000        0.00390        0.00500              1
Psco_861                                      2        5.54300       -0.00000        0.00472        0.00500              1
Psco_869                                      2        2.99000        0.00000       -0.00131        0.00500              1
Psco_877                                      2        2.38100       -0.00000        0.00433        0.00500              1
Psco_885                                      2        5.78300       -0.00000        0.00696        0.00500              1
Psco_593                                      2        2.05800       -0.00000        0.00044        0.00500              1
Psco_585                                      2        8.70600       -0.00000        0.00640        0.00500              1
Psco_697                                      2        3.74800       -0.00000        0.00375        0.00500              1
Psco_713                                      2        5.11400        0.00000        0.00653        0.00500              1
Psco_838                                      2        2.14800       -0.00000        0.00272        0.00500              1
Psco_846                                      2        4.56100       -0.00000        0.00563        0.00500              1
Psco_854                                      2        2.70900       -0.00000        0.00064        0.00500              1
Psco_878                                      2        5.18600       -0.00000        0.00573        0.00500              1
Psco_886                                      2        1.60300       -0.00000        0.00073        0.00500              1
Psco_610                                      2       -0.41500        0.00000       -0.00210        0.00500              1
Psco_618                                      2        3.37700       -0.00000        0.00469        0.00500              1
Psco_626                                      2        4.56100       -0.00000        0.00387        0.00500              1
Psco_658                                      2        5.04200       -0.00000        0.00564        0.00500              1
Psco_666                                      2        0.63600       -0.00000       -0.00023        0.00500              1
Psco_698                                      2        1.55400       -0.00000        0.00156        0.00500              1
Psco_823                                      2        2.21600        0.00000        0.00117        0.00500              1
Psco_831                                      2        1.98200       -0.00000        0.00099        0.00500              1
Psco_751                                      2        3.93700        0.00000       -0.00097        0.00500              1
Psco_767                                      2        5.94000        0.00000        0.00525        0.00500              1
Psco_619                                      2        2.78500       -0.00000        0.00578        0.00500              1
Psco_667                                      2        3.60700       -0.00000        0.00575        0.00500              1
Psco_675                                      2        2.69600       -0.00000        0.00462        0.00500              1
Psco_824                                      2        4.60600       -0.00000        0.00170        0.00500              1
Psco_856                                      2        2.52000       -0.00000        0.00132        0.00500              1
Psco_888                                      2        2.49300       -0.00000        0.00168        0.00500              1
Psco_668                                      2        6.83100       -0.00000        0.00628        0.00500              1
Psco_676                                      2        2.74000       -0.00000        0.00134        0.00500              1
Psco_684                                      2        4.23200       -0.00000        0.00725        0.00500              1
Psco_809                                      2        3.15700       -0.00000        0.00435        0.00500              1
Psco_873                                      2        5.74300       -0.00000        0.00603        0.00500              1
Psco_889                                      2        8.36200       -0.00000        0.00735        0.00500              1
Psco_597                                      2        4.32000        0.00000        0.00471        0.00500              1
Psco_826                                      2        1.17900       -0.00000        0.00027        0.00500              1
Psco_842                                      2        6.73400        0.00000        0.00676        0.00500              1
Psco_770                                      2        3.14800       -0.00000        0.00051        0.00500              1
Psco_794                                      2        3.52600        0.00000        0.00206        0.00500              1
Psco_502                                      2        2.33000       -0.00000        0.00134        0.00500              1
Psco_518                                      2        4.85700       -0.00000        0.00412        0.00500              1
Psco_558                                      2        2.49200       -0.00000        0.00128        0.00500              1
Psco_710                                      2        2.88700       -0.00000        0.00525        0.00500              1
Psco_771                                      2        6.39200        0.00000        0.00707        0.00500              1
Psco_787                                      2        5.21700        0.00000        0.00425        0.00500              1
Psco_780                                      2        0.75900       -0.00000       -0.00075        0.00500              1
Psco_796                                      2       -4.12000       -0.00000       -0.00684        0.00500              1
