                              Id         Gender   SelCriterion AvgCoancestryA AvgCoancestryC   Contribution  nContribution
Psco_814                                      1        8.86000        0.00000       -0.00118        0.01500              3
Psco_192                                      1        0.28300       -0.00000        0.00037        0.01000              2
Psco_491                                      1       -4.99400       -0.00000       -0.00095        0.01000              2
Psco_155                                      1        0.83300       -0.00000        0.00055        0.01000              2
Psco_333                                      1       -7.26600        0.00000       -0.00075        0.01000              2
Psco_383                                      1       -6.57200       -0.00000       -0.00194        0.01000              2
Psco_498                                      1        2.59300       -0.00000        0.00002        0.01000              2
Psco_562                                      1        4.14800       -0.00000        0.00113        0.01000              2
Psco_783                                      1        1.26200        0.00000       -0.00010        0.01000              2
Psco_791                                      1        6.65500       -0.00000        0.00440        0.01000              2
Psco_499                                      1        7.84200       -0.00000        0.00051        0.01000              2
Psco_840                                      1        6.12900        0.00000       -0.00127        0.01000              2
Psco_792                                      1        1.54100        0.00000        0.00238        0.01000              2
Psco_638                                      1        3.91900        0.00000        0.00062        0.01000              2
Psco_647                                      1        2.27600        0.00000        0.00279        0.01000              2
Psco_679                                      1        2.49400       -0.00000       -0.00075        0.01000              2
Psco_868                                      1        5.19400        0.00000       -0.00063        0.01000              2
Psco_884                                      1        6.05100       -0.00000       -0.00073        0.01000              2
Psco_239                                      1       -4.86000       -0.00000       -0.00276        0.00500              1
Psco_167                                      1        2.41000        0.00000        0.00180        0.00500              1
Psco_322                                      1       -0.00900       -0.00000        0.00239        0.00500              1
Psco_362                                      1        5.37000        0.00000        0.00338        0.00500              1
Psco_193                                      1        0.06200        0.00000        0.00043        0.00500              1
Psco_275                                      1        1.17600       -0.00000        0.00040        0.00500              1
Psco_283                                      1        0.23900       -0.00000        0.00021        0.00500              1
Psco_434                                      1        7.19200        0.00000       -0.00106        0.00500              1
Psco_218                                      1       -7.22800       -0.00000       -0.00119        0.00500              1
Psco_419                                      1        6.54400       -0.00000        0.00424        0.00500              1
Psco_443                                      1        1.00300       -0.00000        0.00124        0.00500              1
Psco_467                                      1        2.66700        0.00000        0.00134        0.00500              1
Psco_171                                      1       -0.14900       -0.00000       -0.00026        0.00500              1
Psco_317                                      1        9.81600       -0.00000        0.00125        0.00500              1
Psco_341                                      1        2.34100        0.00000        0.00218        0.00500              1
Psco_357                                      1       -1.53800        0.00000        0.00018        0.00500              1
Psco_373                                      1        0.65400       -0.00000        0.00027        0.00500              1
Psco_196                                      1       -0.20600        0.00000        0.00114        0.00500              1
Psco_461                                      1        0.01400       -0.00000       -0.00021        0.00500              1
Psco_493                                      1        2.30000        0.00000        0.00128        0.00500              1
Psco_157                                      1       -0.25400       -0.00000        0.00096        0.00500              1
Psco_165                                      1       -4.14300        0.00000       -0.00070        0.00500              1
Psco_430                                      1       -1.67800       -0.00000       -0.00064        0.00500              1
Psco_438                                      1       -2.11700       -0.00000       -0.00038        0.00500              1
Psco_222                                      1       -1.45100        0.00000        0.00005        0.00500              1
Psco_431                                      1        5.56100       -0.00000        0.00368        0.00500              1
Psco_896                                      1        0.60700       -0.00000       -0.00031        0.00500              1
Psco_904                                      1       -0.33100        0.00000        0.00123        0.00500              1
Psco_906                                      1        5.46000       -0.00000        0.00349        0.00500              1
Psco_829                                      1        4.51300       -0.00000        0.00237        0.00500              1
Psco_749                                      1        1.21400       -0.00000        0.00144        0.00500              1
Psco_757                                      1        4.75700       -0.00000        0.00418        0.00500              1
Psco_806                                      1       -1.47700       -0.00000        0.00109        0.00500              1
Psco_830                                      1        4.63900       -0.00000        0.00425        0.00500              1
Psco_750                                      1        6.52400        0.00000       -0.00012        0.00500              1
Psco_790                                      1        1.11900        0.00000        0.00212        0.00500              1
Psco_506                                      1        0.20200        0.00000        0.00049        0.00500              1
Psco_530                                      1        2.39400       -0.00000        0.00105        0.00500              1
Psco_554                                      1        3.85500       -0.00000        0.00267        0.00500              1
Psco_799                                      1        2.11700        0.00000        0.00191        0.00500              1
Psco_839                                      1        5.43200       -0.00000        0.00439        0.00500              1
Psco_847                                      1       -1.32800        0.00000       -0.00057        0.00500              1
Psco_539                                      1        5.56500       -0.00000       -0.00142        0.00500              1
Psco_547                                      1        0.42200       -0.00000        0.00125        0.00500              1
Psco_555                                      1        6.15200       -0.00000        0.00505        0.00500              1
Psco_579                                      1        6.00300        0.00000        0.00087        0.00500              1
Psco_760                                      1        5.32700        0.00000        0.00232        0.00500              1
Psco_784                                      1        2.20300        0.00000        0.00226        0.00500              1
Psco_524                                      1        3.07300        0.00000       -0.00126        0.00500              1
Psco_700                                      1        5.66300       -0.00000        0.00124        0.00500              1
Psco_745                                      1        3.06300       -0.00000        0.00278        0.00500              1
Psco_525                                      1       -1.40600        0.00000       -0.00062        0.00500              1
Psco_549                                      1       -3.40700       -0.00000        0.00009        0.00500              1
Psco_589                                      1        4.45100        0.00000        0.00033        0.00500              1
Psco_866                                      1        4.71400        0.00000        0.00346        0.00500              1
Psco_843                                      1        0.56400        0.00000        0.00137        0.00500              1
Psco_851                                      1        4.15000        0.00000        0.00030        0.00500              1
Psco_867                                      1        1.68800       -0.00000        0.00131        0.00500              1
Psco_875                                      1        0.90600       -0.00000       -0.00074        0.00500              1
Psco_655                                      1        3.16400        0.00000        0.00255        0.00500              1
Psco_687                                      1        4.20600        0.00000        0.00244        0.00500              1
Psco_812                                      1        0.05800        0.00000        0.00122        0.00500              1
Psco_820                                      1       -0.04700        0.00000        0.00089        0.00500              1
Psco_796                                      2       -4.12000       -0.00000       -0.00151        0.00500              1
Psco_143                                      2       -4.45300       -0.00000       -0.00248        0.00500              1
Psco_248                                      2        4.45000       -0.00000        0.00303        0.00500              1
Psco_256                                      2       -0.09600       -0.00000        0.00207        0.00500              1
Psco_281                                      2        0.91800       -0.00000        0.00145        0.00500              1
Psco_393                                      2       -5.72800        0.00000        0.00123        0.00500              1
Psco_416                                      2        0.86100        0.00000        0.00122        0.00500              1
Psco_424                                      2       -1.05000        0.00000        0.00025        0.00500              1
Psco_464                                      2       -2.20700       -0.00000        0.00079        0.00500              1
Psco_472                                      2        1.17500        0.00000        0.00065        0.00500              1
Psco_480                                      2       -0.07600        0.00000        0.00189        0.00500              1
Psco_112                                      2        0.14800       -0.00000        0.00142        0.00500              1
Psco_144                                      2       -0.68000       -0.00000        0.00258        0.00500              1
Psco_176                                      2       -7.17900       -0.00000       -0.00213        0.00500              1
Psco_417                                      2        1.16800       -0.00000        0.00106        0.00500              1
Psco_425                                      2       -0.16300       -0.00000       -0.00025        0.00500              1
Psco_433                                      2        2.90400       -0.00000        0.00514        0.00500              1
Psco_481                                      2        5.25600       -0.00000        0.00343        0.00500              1
Psco_121                                      2        7.37100       -0.00000        0.00032        0.00500              1
Psco_153                                      2        1.82800        0.00000        0.00159        0.00500              1
Psco_169                                      2        2.48100        0.00000        0.00060        0.00500              1
Psco_177                                      2       -2.68500        0.00000        0.00026        0.00500              1
Psco_307                                      2        5.12300       -0.00000        0.00468        0.00500              1
Psco_490                                      2        5.15600        0.00000        0.00341        0.00500              1
Psco_106                                      2       -0.60000       -0.00000        0.00319        0.00500              1
Psco_114                                      2       -1.87500       -0.00000       -0.00057        0.00500              1
Psco_251                                      2        0.06400       -0.00000        0.00036        0.00500              1
Psco_324                                      2       -1.07200        0.00000        0.00010        0.00500              1
Psco_332                                      2        2.23000       -0.00000        0.00126        0.00500              1
Psco_372                                      2       -0.86900        0.00000        0.00131        0.00500              1
Psco_243                                      2        5.36500       -0.00000        0.00322        0.00500              1
Psco_252                                      2       -2.58800       -0.00000        0.00006        0.00500              1
Psco_412                                      2        2.42200        0.00000        0.00150        0.00500              1
Psco_484                                      2        5.15200       -0.00000        0.00372        0.00500              1
Psco_492                                      2        5.37500       -0.00000        0.00417        0.00500              1
Psco_326                                      2       -5.79900        0.00000       -0.00247        0.00500              1
Psco_213                                      2        0.42800       -0.00000        0.00119        0.00500              1
Psco_279                                      2        3.30300        0.00000        0.00184        0.00500              1
Psco_343                                      2        3.38200       -0.00000        0.00285        0.00500              1
Psco_351                                      2        4.04900        0.00000        0.00259        0.00500              1
Psco_494                                      2       -1.89400       -0.00000       -0.00142        0.00500              1
Psco_134                                      2       -2.90400       -0.00000        0.00107        0.00500              1
Psco_182                                      2        0.34200        0.00000       -0.00065        0.00500              1
Psco_447                                      2        4.51200        0.00000       -0.00016        0.00500              1
Psco_455                                      2        2.17900        0.00000        0.00024        0.00500              1
Psco_479                                      2        0.14400        0.00000       -0.00089        0.00500              1
Psco_903                                      2        4.96300       -0.00000        0.00451        0.00500              1
Psco_905                                      2        1.19100        0.00000        0.00067        0.00500              1
Psco_907                                      2        7.93000       -0.00000       -0.00012        0.00500              1
Psco_320                                      2        1.40000       -0.00000        0.00311        0.00500              1
Psco_496                                      2        2.67300        0.00000        0.00216        0.00500              1
Psco_504                                      2        1.01400       -0.00000        0.00129        0.00500              1
Psco_520                                      2       -1.79000        0.00000        0.00105        0.00500              1
Psco_544                                      2       -1.65500       -0.00000       -0.00037        0.00500              1
Psco_552                                      2        7.16400       -0.00000        0.00376        0.00500              1
Psco_837                                      2        3.98800       -0.00000        0.00311        0.00500              1
Psco_853                                      2        1.38500       -0.00000        0.00250        0.00500              1
Psco_861                                      2        5.54300       -0.00000        0.00071        0.00500              1
Psco_877                                      2        2.38100       -0.00000       -0.00137        0.00500              1
Psco_593                                      2        2.05800       -0.00000       -0.00064        0.00500              1
Psco_705                                      2        2.52400       -0.00000        0.00378        0.00500              1
Psco_713                                      2        5.11400        0.00000       -0.00030        0.00500              1
Psco_838                                      2        2.14800       -0.00000        0.00001        0.00500              1
Psco_862                                      2        0.29000        0.00000        0.00124        0.00500              1
Psco_886                                      2        1.60300       -0.00000        0.00063        0.00500              1
Psco_610                                      2       -0.41500        0.00000       -0.00101        0.00500              1
Psco_650                                      2       -3.69000       -0.00000       -0.00061        0.00500              1
Psco_658                                      2        5.04200       -0.00000        0.00433        0.00500              1
Psco_666                                      2        0.63600       -0.00000       -0.00077        0.00500              1
Psco_690                                      2       -3.13200        0.00000       -0.00134        0.00500              1
Psco_698                                      2        1.55400       -0.00000        0.00137        0.00500              1
Psco_823                                      2        2.21600        0.00000        0.00309        0.00500              1
Psco_831                                      2        1.98200       -0.00000        0.00094        0.00500              1
Psco_879                                      2        2.38700        0.00000       -0.00099        0.00500              1
Psco_887                                      2        3.49200        0.00000        0.00309        0.00500              1
Psco_651                                      2        2.92400        0.00000        0.00168        0.00500              1
Psco_667                                      2        3.60700       -0.00000       -0.00030        0.00500              1
Psco_675                                      2        2.69600       -0.00000        0.00051        0.00500              1
Psco_816                                      2        0.84200       -0.00000        0.00147        0.00500              1
Psco_864                                      2        5.89500       -0.00000        0.00193        0.00500              1
Psco_888                                      2        2.49300       -0.00000        0.00237        0.00500              1
Psco_604                                      2        0.20900        0.00000       -0.00196        0.00500              1
Psco_644                                      2        1.80700        0.00000       -0.00034        0.00500              1
Psco_676                                      2        2.74000       -0.00000        0.00082        0.00500              1
Psco_684                                      2        4.23200       -0.00000        0.00224        0.00500              1
Psco_801                                      2        1.26400       -0.00000       -0.00006        0.00500              1
Psco_809                                      2        3.15700       -0.00000        0.00134        0.00500              1
Psco_817                                      2        3.83500        0.00000        0.00416        0.00500              1
Psco_833                                      2        1.05700        0.00000        0.00303        0.00500              1
Psco_873                                      2        5.74300       -0.00000        0.00127        0.00500              1
Psco_881                                      2        1.71300        0.00000       -0.00137        0.00500              1
Psco_613                                      2       -0.65600       -0.00000       -0.00174        0.00500              1
Psco_834                                      2       -0.99200        0.00000        0.00209        0.00500              1
Psco_850                                      2        0.99000       -0.00000        0.00059        0.00500              1
Psco_786                                      2       -1.69700        0.00000        0.00277        0.00500              1
Psco_779                                      2        1.12200        0.00000       -0.00139        0.00500              1
Psco_591                                      2        1.18800       -0.00000        0.00125        0.00500              1
Psco_852                                      2        4.62300       -0.00000        0.00281        0.00500              1
Psco_772                                      2       -0.20600       -0.00000        0.00098        0.00500              1
Psco_788                                      2       -0.58500        0.00000        0.00261        0.00500              1
