                              Id         Gender   SelCriterion AvgCoancestryA AvgCoancestryC   Contribution  nContribution
Psco_814                                      1        8.86000        0.00000        0.00552        0.01500              3
Psco_539                                      1        5.56500       -0.00000       -0.00104        0.01500              3
Psco_867                                      1        1.68800       -0.00000       -0.00430        0.01500              3
Psco_804                                      1        8.26600       -0.00000        0.00460        0.01500              3
Psco_167                                      1        2.41000        0.00000       -0.00449        0.01000              2
Psco_491                                      1       -4.99400       -0.00000       -0.00669        0.01000              2
Psco_155                                      1        0.83300       -0.00000       -0.00537        0.01000              2
Psco_317                                      1        9.81600       -0.00000        0.00518        0.01000              2
Psco_141                                      1        6.75200       -0.00000        0.00417        0.01000              2
Psco_446                                      1        7.80300       -0.00000        0.00668        0.01000              2
Psco_900                                      1        6.00600       -0.00000        0.00993        0.01000              2
Psco_592                                      1       -1.80100        0.00000       -0.00359        0.01000              2
Psco_829                                      1        4.51300       -0.00000        0.00425        0.01000              2
Psco_765                                      1        0.65700       -0.00000       -0.00531        0.01000              2
Psco_789                                      1        4.80000        0.00000       -0.00074        0.01000              2
Psco_830                                      1        4.63900       -0.00000        0.00260        0.01000              2
Psco_750                                      1        6.52400        0.00000        0.00401        0.01000              2
Psco_530                                      1        2.39400       -0.00000       -0.00516        0.01000              2
Psco_554                                      1        3.85500       -0.00000        0.00344        0.01000              2
Psco_791                                      1        6.65500       -0.00000        0.00293        0.01000              2
Psco_588                                      1        2.29300       -0.00000       -0.00079        0.01000              2
Psco_581                                      1        3.95500       -0.00000        0.00018        0.01000              2
Psco_746                                      1        5.61700        0.00000        0.00427        0.01000              2
Psco_866                                      1        4.71400        0.00000        0.00028        0.01000              2
Psco_638                                      1        3.91900        0.00000       -0.00091        0.01000              2
Psco_884                                      1        6.05100       -0.00000        0.00473        0.01000              2
Psco_892                                      1        2.37000        0.00000       -0.00130        0.00500              1
Psco_361                                      1       -0.92100       -0.00000       -0.00493        0.00500              1
Psco_322                                      1       -0.00900       -0.00000       -0.00114        0.00500              1
Psco_362                                      1        5.37000        0.00000        0.01042        0.00500              1
Psco_275                                      1        1.17600       -0.00000       -0.00028        0.00500              1
Psco_299                                      1       -3.09600        0.00000       -0.00268        0.00500              1
Psco_434                                      1        7.19200        0.00000        0.00528        0.00500              1
Psco_210                                      1        6.57800        0.00000        0.00326        0.00500              1
Psco_293                                      1        3.94700       -0.00000        0.01013        0.00500              1
Psco_373                                      1        0.65400       -0.00000        0.00001        0.00500              1
Psco_421                                      1        3.16200        0.00000       -0.00126        0.00500              1
Psco_493                                      1        2.30000        0.00000        0.00653        0.00500              1
Psco_157                                      1       -0.25400       -0.00000       -0.00437        0.00500              1
Psco_173                                      1       -5.67100        0.00000       -0.00575        0.00500              1
Psco_189                                      1        3.76300        0.00000        0.00662        0.00500              1
Psco_896                                      1        0.60700       -0.00000       -0.00299        0.00500              1
Psco_906                                      1        5.46000       -0.00000        0.00418        0.00500              1
Psco_632                                      1        3.45400        0.00000        0.00371        0.00500              1
Psco_640                                      1        4.61800       -0.00000        0.00482        0.00500              1
Psco_797                                      1        2.88700       -0.00000        0.00210        0.00500              1
Psco_758                                      1        4.18500        0.00000        0.00346        0.00500              1
Psco_766                                      1        5.74600        0.00000        0.00522        0.00500              1
Psco_774                                      1        1.77900        0.00000       -0.00016        0.00500              1
Psco_498                                      1        2.59300       -0.00000        0.00000        0.00500              1
Psco_546                                      1        5.16000       -0.00000        0.00448        0.00500              1
Psco_799                                      1        2.11700        0.00000        0.00034        0.00500              1
Psco_499                                      1        7.84200       -0.00000        0.00491        0.00500              1
Psco_760                                      1        5.32700        0.00000        0.00919        0.00500              1
Psco_508                                      1        5.34400        0.00000        0.00550        0.00500              1
Psco_700                                      1        5.66300       -0.00000        0.00633        0.00500              1
Psco_761                                      1        4.21100       -0.00000        0.00586        0.00500              1
Psco_769                                      1        5.47800        0.00000        0.00643        0.00500              1
Psco_793                                      1        3.17900        0.00000        0.00409        0.00500              1
Psco_509                                      1        5.26100        0.00000        0.00343        0.00500              1
Psco_517                                      1       -2.59100        0.00000       -0.00401        0.00500              1
Psco_874                                      1        4.54900       -0.00000        0.00578        0.00500              1
Psco_803                                      1        2.49600        0.00000       -0.00101        0.00500              1
Psco_827                                      1        1.87600        0.00000        0.00545        0.00500              1
Psco_851                                      1        4.15000        0.00000        0.00699        0.00500              1
Psco_655                                      1        3.16400        0.00000        0.00959        0.00500              1
Psco_679                                      1        2.49400       -0.00000        0.00022        0.00500              1
Psco_687                                      1        4.20600        0.00000        0.00970        0.00500              1
Psco_756                                      1        4.54600        0.00000        0.00576        0.00500              1
Psco_860                                      1        0.48300       -0.00000       -0.00119        0.00500              1
Psco_143                                      2       -4.45300       -0.00000       -0.00684        0.00500              1
Psco_248                                      2        4.45000       -0.00000        0.00947        0.00500              1
Psco_256                                      2       -0.09600       -0.00000        0.00104        0.00500              1
Psco_416                                      2        0.86100        0.00000       -0.00564        0.00500              1
Psco_432                                      2        0.18600        0.00000       -0.00018        0.00500              1
Psco_472                                      2        1.17500        0.00000       -0.00247        0.00500              1
Psco_480                                      2       -0.07600        0.00000        0.00752        0.00500              1
Psco_112                                      2        0.14800       -0.00000       -0.00305        0.00500              1
Psco_417                                      2        1.16800       -0.00000        0.00201        0.00500              1
Psco_473                                      2        5.85800        0.00000        0.00469        0.00500              1
Psco_481                                      2        5.25600       -0.00000        0.00409        0.00500              1
Psco_105                                      2       -1.26000       -0.00000       -0.00613        0.00500              1
Psco_121                                      2        7.37100       -0.00000        0.00357        0.00500              1
Psco_169                                      2        2.48100        0.00000        0.00152        0.00500              1
Psco_307                                      2        5.12300       -0.00000        0.01022        0.00500              1
Psco_482                                      2       -2.97500       -0.00000       -0.00000        0.00500              1
Psco_490                                      2        5.15600        0.00000        0.00571        0.00500              1
Psco_114                                      2       -1.87500       -0.00000       -0.00127        0.00500              1
Psco_130                                      2        5.26700        0.00000        0.00958        0.00500              1
Psco_251                                      2        0.06400       -0.00000       -0.00080        0.00500              1
Psco_268                                      2       -7.14300       -0.00000       -0.00768        0.00500              1
Psco_284                                      2        0.05400       -0.00000       -0.00596        0.00500              1
Psco_388                                      2       -1.61100       -0.00000       -0.00604        0.00500              1
Psco_324                                      2       -1.07200        0.00000       -0.00171        0.00500              1
Psco_332                                      2        2.23000       -0.00000       -0.00316        0.00500              1
Psco_348                                      2        5.51400       -0.00000        0.00880        0.00500              1
Psco_235                                      2       -4.58200       -0.00000       -0.00271        0.00500              1
Psco_243                                      2        5.36500       -0.00000        0.00994        0.00500              1
Psco_252                                      2       -2.58800       -0.00000       -0.00137        0.00500              1
Psco_484                                      2        5.15200       -0.00000        0.01028        0.00500              1
Psco_492                                      2        5.37500       -0.00000        0.00422        0.00500              1
Psco_164                                      2        3.90000       -0.00000       -0.00404        0.00500              1
Psco_180                                      2       -2.15200        0.00000       -0.00451        0.00500              1
Psco_205                                      2        4.22200        0.00000        0.00344        0.00500              1
Psco_213                                      2        0.42800       -0.00000       -0.00416        0.00500              1
Psco_263                                      2       -4.45200       -0.00000       -0.00400        0.00500              1
Psco_279                                      2        3.30300        0.00000        0.00750        0.00500              1
Psco_351                                      2        4.04900        0.00000        0.00752        0.00500              1
Psco_486                                      2        4.93900        0.00000        0.00450        0.00500              1
Psco_118                                      2        5.44500        0.00000        0.00964        0.00500              1
Psco_182                                      2        0.34200        0.00000       -0.00066        0.00500              1
Psco_190                                      2        3.97200        0.00000        0.00844        0.00500              1
Psco_447                                      2        4.51200        0.00000        0.00448        0.00500              1
Psco_455                                      2        2.17900        0.00000        0.00478        0.00500              1
Psco_487                                      2       -0.96300        0.00000       -0.00118        0.00500              1
Psco_495                                      2        4.65700       -0.00000        0.00527        0.00500              1
Psco_895                                      2        4.63600        0.00000        0.00521        0.00500              1
Psco_903                                      2        4.96300       -0.00000        0.00504        0.00500              1
Psco_905                                      2        1.19100        0.00000        0.00068        0.00500              1
Psco_899                                      2        3.78500       -0.00000        0.00018        0.00500              1
Psco_907                                      2        7.93000       -0.00000        0.00578        0.00500              1
Psco_320                                      2        1.40000       -0.00000        0.00079        0.00500              1
Psco_496                                      2        2.67300        0.00000       -0.00369        0.00500              1
Psco_504                                      2        1.01400       -0.00000       -0.00464        0.00500              1
Psco_552                                      2        7.16400       -0.00000        0.00490        0.00500              1
Psco_576                                      2        7.29300        0.00000        0.00677        0.00500              1
Psco_837                                      2        3.98800       -0.00000        0.00967        0.00500              1
Psco_845                                      2        5.87800       -0.00000        0.00378        0.00500              1
Psco_861                                      2        5.54300       -0.00000        0.00284        0.00500              1
Psco_869                                      2        2.99000        0.00000       -0.00070        0.00500              1
Psco_877                                      2        2.38100       -0.00000        0.00153        0.00500              1
Psco_885                                      2        5.78300       -0.00000        0.00377        0.00500              1
Psco_593                                      2        2.05800       -0.00000       -0.00264        0.00500              1
Psco_585                                      2        8.70600       -0.00000        0.00552        0.00500              1
Psco_697                                      2        3.74800       -0.00000        0.00765        0.00500              1
Psco_838                                      2        2.14800       -0.00000        0.00318        0.00500              1
Psco_854                                      2        2.70900       -0.00000        0.00164        0.00500              1
Psco_870                                      2       -2.58000        0.00000        0.00060        0.00500              1
Psco_878                                      2        5.18600       -0.00000        0.00339        0.00500              1
Psco_602                                      2        2.55600       -0.00000        0.00370        0.00500              1
Psco_618                                      2        3.37700       -0.00000        0.00566        0.00500              1
Psco_815                                      2        7.33700        0.00000        0.00422        0.00500              1
Psco_823                                      2        2.21600        0.00000       -0.00001        0.00500              1
Psco_751                                      2        3.93700        0.00000       -0.00210        0.00500              1
Psco_759                                      2       -0.08100        0.00000        0.00108        0.00500              1
Psco_879                                      2        2.38700        0.00000        0.00259        0.00500              1
Psco_887                                      2        3.49200        0.00000        0.00300        0.00500              1
Psco_595                                      2        5.60900        0.00000        0.00598        0.00500              1
Psco_675                                      2        2.69600       -0.00000        0.00221        0.00500              1
Psco_808                                      2        2.32200       -0.00000        0.00564        0.00500              1
Psco_856                                      2        2.52000       -0.00000        0.00165        0.00500              1
Psco_864                                      2        5.89500       -0.00000        0.00687        0.00500              1
Psco_668                                      2        6.83100       -0.00000        0.00504        0.00500              1
Psco_809                                      2        3.15700       -0.00000        0.00523        0.00500              1
Psco_817                                      2        3.83500        0.00000        0.00325        0.00500              1
Psco_833                                      2        1.05700        0.00000        0.00047        0.00500              1
Psco_865                                      2        7.38100        0.00000        0.00550        0.00500              1
Psco_873                                      2        5.74300       -0.00000        0.00548        0.00500              1
Psco_597                                      2        4.32000        0.00000        0.00228        0.00500              1
Psco_669                                      2        6.56400       -0.00000        0.00497        0.00500              1
Psco_685                                      2        4.84400       -0.00000        0.00620        0.00500              1
Psco_842                                      2        6.73400        0.00000        0.00680        0.00500              1
Psco_770                                      2        3.14800       -0.00000       -0.00078        0.00500              1
Psco_502                                      2        2.33000       -0.00000        0.00187        0.00500              1
Psco_558                                      2        2.49200       -0.00000        0.00238        0.00500              1
Psco_771                                      2        6.39200        0.00000        0.00955        0.00500              1
Psco_787                                      2        5.21700        0.00000        0.00590        0.00500              1
Psco_551                                      2       -1.01000       -0.00000       -0.00172        0.00500              1
Psco_591                                      2        1.18800       -0.00000        0.00040        0.00500              1
Psco_796                                      2       -4.12000       -0.00000       -0.00756        0.00500              1
