                              Id         Gender   SelCriterion AvgCoancestryA AvgCoancestryC   Contribution  nContribution
Psco_434                                      1        7.19200        0.00000        0.01876        0.01500              3
Psco_210                                      1        6.57800        0.00000        0.00954        0.01500              3
Psco_419                                      1        6.54400       -0.00000        0.01928        0.01500              3
Psco_467                                      1        2.66700        0.00000       -0.00802        0.01500              3
Psco_317                                      1        9.81600       -0.00000        0.01078        0.01500              3
Psco_141                                      1        6.75200       -0.00000        0.00926        0.01500              3
Psco_446                                      1        7.80300       -0.00000        0.01720        0.01500              3
Psco_900                                      1        6.00600       -0.00000        0.01515        0.01500              3
Psco_789                                      1        4.80000        0.00000        0.00121        0.01500              3
Psco_814                                      1        8.86000        0.00000        0.01669        0.01500              3
Psco_830                                      1        4.63900       -0.00000        0.00639        0.01500              3
Psco_750                                      1        6.52400        0.00000        0.01610        0.01500              3
Psco_766                                      1        5.74600        0.00000        0.01019        0.01500              3
Psco_530                                      1        2.39400       -0.00000       -0.01226        0.01500              3
Psco_791                                      1        6.65500       -0.00000        0.00735        0.01500              3
Psco_499                                      1        7.84200       -0.00000        0.01734        0.01500              3
Psco_539                                      1        5.56500       -0.00000        0.00015        0.01500              3
Psco_555                                      1        6.15200       -0.00000        0.01636        0.01500              3
Psco_579                                      1        6.00300        0.00000        0.01148        0.01500              3
Psco_516                                      1        5.66500       -0.00000        0.01549        0.01500              3
Psco_700                                      1        5.66300       -0.00000        0.01026        0.01500              3
Psco_581                                      1        3.95500       -0.00000       -0.00894        0.01500              3
Psco_746                                      1        5.61700        0.00000        0.01000        0.01500              3
Psco_866                                      1        4.71400        0.00000        0.00061        0.01500              3
Psco_804                                      1        8.26600       -0.00000        0.01576        0.01500              3
Psco_884                                      1        6.05100       -0.00000        0.01029        0.01500              3
Psco_167                                      1        2.41000        0.00000       -0.00974        0.01000              2
Psco_362                                      1        5.37000        0.00000        0.01986        0.01000              2
Psco_431                                      1        5.56100       -0.00000        0.01717        0.01000              2
Psco_829                                      1        4.51300       -0.00000        0.00810        0.01000              2
Psco_498                                      1        2.59300       -0.00000       -0.00938        0.01000              2
Psco_840                                      1        6.12900        0.00000        0.01909        0.01000              2
Psco_760                                      1        5.32700        0.00000        0.01251        0.01000              2
Psco_769                                      1        5.47800        0.00000        0.01520        0.01000              2
Psco_868                                      1        5.19400        0.00000        0.01070        0.01000              2
Psco_562                                      1        4.14800       -0.00000        0.00089        0.00500              1
Psco_509                                      1        5.26100        0.00000        0.01114        0.00500              1
Psco_638                                      1        3.91900        0.00000        0.00015        0.00500              1
Psco_756                                      1        4.54600        0.00000        0.00551        0.00500              1
Psco_103                                      2        4.01900        0.00000        0.01743        0.00500              1
Psco_248                                      2        4.45000       -0.00000        0.01665        0.00500              1
Psco_416                                      2        0.86100        0.00000       -0.01163        0.00500              1
Psco_433                                      2        2.90400       -0.00000        0.01393        0.00500              1
Psco_465                                      2        3.72300        0.00000        0.01137        0.00500              1
Psco_473                                      2        5.85800        0.00000        0.01220        0.00500              1
Psco_481                                      2        5.25600       -0.00000        0.01730        0.00500              1
Psco_121                                      2        7.37100       -0.00000        0.00987        0.00500              1
Psco_169                                      2        2.48100        0.00000       -0.00565        0.00500              1
Psco_307                                      2        5.12300       -0.00000        0.01942        0.00500              1
Psco_490                                      2        5.15600        0.00000        0.01611        0.00500              1
Psco_130                                      2        5.26700        0.00000        0.01659        0.00500              1
Psco_284                                      2        0.05400       -0.00000       -0.01352        0.00500              1
Psco_332                                      2        2.23000       -0.00000       -0.00905        0.00500              1
Psco_348                                      2        5.51400       -0.00000        0.01943        0.00500              1
Psco_243                                      2        5.36500       -0.00000        0.01960        0.00500              1
Psco_484                                      2        5.15200       -0.00000        0.01643        0.00500              1
Psco_492                                      2        5.37500       -0.00000        0.01489        0.00500              1
Psco_164                                      2        3.90000       -0.00000       -0.01050        0.00500              1
Psco_205                                      2        4.22200        0.00000        0.00817        0.00500              1
Psco_213                                      2        0.42800       -0.00000       -0.01077        0.00500              1
Psco_279                                      2        3.30300        0.00000        0.01207        0.00500              1
Psco_343                                      2        3.38200       -0.00000        0.01866        0.00500              1
Psco_351                                      2        4.04900        0.00000        0.01178        0.00500              1
Psco_486                                      2        4.93900        0.00000        0.01105        0.00500              1
Psco_118                                      2        5.44500        0.00000        0.01828        0.00500              1
Psco_190                                      2        3.97200        0.00000        0.02035        0.00500              1
Psco_447                                      2        4.51200        0.00000        0.01015        0.00500              1
Psco_495                                      2        4.65700       -0.00000        0.01643        0.00500              1
Psco_902                                      2        4.95300        0.00000        0.01741        0.00500              1
Psco_895                                      2        4.63600        0.00000        0.00486        0.00500              1
Psco_903                                      2        4.96300       -0.00000        0.01994        0.00500              1
Psco_899                                      2        3.78500       -0.00000        0.00155        0.00500              1
Psco_907                                      2        7.93000       -0.00000        0.01777        0.00500              1
Psco_496                                      2        2.67300        0.00000       -0.00950        0.00500              1
Psco_504                                      2        1.01400       -0.00000       -0.01206        0.00500              1
Psco_552                                      2        7.16400       -0.00000        0.01315        0.00500              1
Psco_560                                      2        5.20700       -0.00000        0.01676        0.00500              1
Psco_576                                      2        7.29300        0.00000        0.01050        0.00500              1
Psco_712                                      2        2.03700        0.00000        0.00620        0.00500              1
Psco_837                                      2        3.98800       -0.00000        0.01425        0.00500              1
Psco_845                                      2        5.87800       -0.00000        0.01362        0.00500              1
Psco_861                                      2        5.54300       -0.00000        0.01036        0.00500              1
Psco_869                                      2        2.99000        0.00000        0.00091        0.00500              1
Psco_877                                      2        2.38100       -0.00000        0.00010        0.00500              1
Psco_885                                      2        5.78300       -0.00000        0.01273        0.00500              1
Psco_593                                      2        2.05800       -0.00000       -0.00248        0.00500              1
Psco_657                                      2        4.62100        0.00000        0.01848        0.00500              1
Psco_585                                      2        8.70600       -0.00000        0.01705        0.00500              1
Psco_697                                      2        3.74800       -0.00000        0.01145        0.00500              1
Psco_713                                      2        5.11400        0.00000        0.01341        0.00500              1
Psco_846                                      2        4.56100       -0.00000        0.01775        0.00500              1
Psco_854                                      2        2.70900       -0.00000        0.00837        0.00500              1
Psco_878                                      2        5.18600       -0.00000        0.01065        0.00500              1
Psco_602                                      2        2.55600       -0.00000        0.01089        0.00500              1
Psco_618                                      2        3.37700       -0.00000        0.01287        0.00500              1
Psco_626                                      2        4.56100       -0.00000        0.01103        0.00500              1
Psco_658                                      2        5.04200       -0.00000        0.01494        0.00500              1
Psco_698                                      2        1.55400       -0.00000       -0.01045        0.00500              1
Psco_815                                      2        7.33700        0.00000        0.02017        0.00500              1
Psco_823                                      2        2.21600        0.00000       -0.00119        0.00500              1
Psco_831                                      2        1.98200       -0.00000       -0.00942        0.00500              1
Psco_751                                      2        3.93700        0.00000       -0.01358        0.00500              1
Psco_767                                      2        5.94000        0.00000        0.00990        0.00500              1
Psco_879                                      2        2.38700        0.00000        0.00574        0.00500              1
Psco_887                                      2        3.49200        0.00000        0.01004        0.00500              1
Psco_595                                      2        5.60900        0.00000        0.01132        0.00500              1
Psco_619                                      2        2.78500       -0.00000        0.01445        0.00500              1
Psco_651                                      2        2.92400        0.00000        0.00992        0.00500              1
Psco_667                                      2        3.60700       -0.00000        0.01060        0.00500              1
Psco_824                                      2        4.60600       -0.00000        0.00620        0.00500              1
Psco_856                                      2        2.52000       -0.00000        0.00362        0.00500              1
Psco_864                                      2        5.89500       -0.00000        0.01413        0.00500              1
Psco_888                                      2        2.49300       -0.00000        0.00127        0.00500              1
Psco_668                                      2        6.83100       -0.00000        0.01497        0.00500              1
Psco_676                                      2        2.74000       -0.00000       -0.00245        0.00500              1
Psco_684                                      2        4.23200       -0.00000        0.01900        0.00500              1
Psco_809                                      2        3.15700       -0.00000        0.01065        0.00500              1
Psco_817                                      2        3.83500        0.00000        0.00808        0.00500              1
Psco_865                                      2        7.38100        0.00000        0.01109        0.00500              1
Psco_873                                      2        5.74300       -0.00000        0.01062        0.00500              1
Psco_889                                      2        8.36200       -0.00000        0.01967        0.00500              1
Psco_597                                      2        4.32000        0.00000        0.01071        0.00500              1
Psco_669                                      2        6.56400       -0.00000        0.01635        0.00500              1
Psco_685                                      2        4.84400       -0.00000        0.01210        0.00500              1
Psco_810                                      2        2.28100        0.00000       -0.00107        0.00500              1
Psco_826                                      2        1.17900       -0.00000       -0.01174        0.00500              1
Psco_842                                      2        6.73400        0.00000        0.01704        0.00500              1
Psco_770                                      2        3.14800       -0.00000       -0.01206        0.00500              1
Psco_794                                      2        3.52600        0.00000        0.00013        0.00500              1
Psco_502                                      2        2.33000       -0.00000        0.00350        0.00500              1
Psco_518                                      2        4.85700       -0.00000        0.01383        0.00500              1
Psco_558                                      2        2.49200       -0.00000        0.00534        0.00500              1
Psco_771                                      2        6.39200        0.00000        0.01490        0.00500              1
Psco_787                                      2        5.21700        0.00000        0.00651        0.00500              1
Psco_503                                      2        2.95100        0.00000       -0.00052        0.00500              1
Psco_527                                      2        8.94900        0.00000        0.02129        0.00500              1
Psco_575                                      2        4.88000        0.00000        0.01826        0.00500              1
Psco_591                                      2        1.18800       -0.00000       -0.00911        0.00500              1
Psco_852                                      2        4.62300       -0.00000        0.01346        0.00500              1
