                              Id         Gender   SelCriterion AvgCoancestryA AvgCoancestryC   Contribution  nContribution
Psco_239                                      1       -4.86000       -0.00000        0.00060        0.00500              1
Psco_361                                      1       -0.92100       -0.00000        0.00031        0.00500              1
Psco_192                                      1        0.28300       -0.00000        0.00057        0.00500              1
Psco_193                                      1        0.06200        0.00000       -0.00009        0.00500              1
Psco_275                                      1        1.17600       -0.00000        0.00042        0.00500              1
Psco_299                                      1       -3.09600        0.00000        0.00132        0.00500              1
Psco_442                                      1        1.24500        0.00000       -0.00024        0.00500              1
Psco_218                                      1       -7.22800       -0.00000        0.00050        0.00500              1
Psco_419                                      1        6.54400       -0.00000        0.00140        0.00500              1
Psco_443                                      1        1.00300       -0.00000        0.00097        0.00500              1
Psco_451                                      1       -2.85700        0.00000        0.00091        0.00500              1
Psco_467                                      1        2.66700        0.00000       -0.00021        0.00500              1
Psco_491                                      1       -4.99400       -0.00000        0.00074        0.00500              1
Psco_107                                      1       -3.29600        0.00000        0.00043        0.00500              1
Psco_171                                      1       -0.14900       -0.00000       -0.00079        0.00500              1
Psco_179                                      1       -0.25800       -0.00000        0.00095        0.00500              1
Psco_293                                      1        3.94700       -0.00000        0.00109        0.00500              1
Psco_317                                      1        9.81600       -0.00000        0.00081        0.00500              1
Psco_333                                      1       -7.26600        0.00000       -0.00000        0.00500              1
Psco_341                                      1        2.34100        0.00000        0.00002        0.00500              1
Psco_373                                      1        0.65400       -0.00000        0.00104        0.00500              1
Psco_196                                      1       -0.20600        0.00000        0.00114        0.00500              1
Psco_286                                      1       -1.69300        0.00000        0.00104        0.00500              1
Psco_117                                      1       -5.58900        0.00000        0.00093        0.00500              1
Psco_141                                      1        6.75200       -0.00000        0.00127        0.00500              1
Psco_157                                      1       -0.25400       -0.00000       -0.00018        0.00500              1
Psco_173                                      1       -5.67100        0.00000        0.00153        0.00500              1
Psco_189                                      1        3.76300        0.00000       -0.00019        0.00500              1
Psco_303                                      1       -0.10600        0.00000        0.00105        0.00500              1
Psco_430                                      1       -1.67800       -0.00000        0.00156        0.00500              1
Psco_438                                      1       -2.11700       -0.00000       -0.00053        0.00500              1
Psco_446                                      1        7.80300       -0.00000        0.00074        0.00500              1
Psco_375                                      1       -2.56600       -0.00000        0.00089        0.00500              1
Psco_383                                      1       -6.57200       -0.00000        0.00143        0.00500              1
Psco_206                                      1       -0.22300       -0.00000        0.00129        0.00500              1
Psco_222                                      1       -1.45100        0.00000        0.00097        0.00500              1
Psco_288                                      1       -2.78700       -0.00000        0.00142        0.00500              1
Psco_392                                      1       -2.02800        0.00000        0.00139        0.00500              1
Psco_312                                      1       -3.49000        0.00000        0.00141        0.00500              1
Psco_368                                      1        0.79100       -0.00000        0.00020        0.00500              1
Psco_904                                      1       -0.33100        0.00000        0.00127        0.00500              1
Psco_900                                      1        6.00600       -0.00000        0.00003        0.00500              1
Psco_908                                      1       -5.94400       -0.00000        0.00068        0.00500              1
Psco_336                                      1       -1.21100       -0.00000        0.00100        0.00500              1
Psco_592                                      1       -1.80100        0.00000        0.00188        0.00500              1
Psco_600                                      1        4.97400       -0.00000        0.00155        0.00500              1
Psco_632                                      1        3.45400        0.00000        0.00018        0.00500              1
Psco_749                                      1        1.21400       -0.00000        0.00093        0.00500              1
Psco_781                                      1        1.93400        0.00000        0.00068        0.00500              1
Psco_806                                      1       -1.47700       -0.00000        0.00070        0.00500              1
Psco_822                                      1       -0.51400       -0.00000       -0.00050        0.00500              1
Psco_830                                      1        4.63900       -0.00000       -0.00009        0.00500              1
Psco_758                                      1        4.18500        0.00000        0.00118        0.00500              1
Psco_766                                      1        5.74600        0.00000        0.00076        0.00500              1
Psco_782                                      1       -0.12000       -0.00000        0.00071        0.00500              1
Psco_514                                      1        4.42400        0.00000        0.00062        0.00500              1
Psco_530                                      1        2.39400       -0.00000        0.00032        0.00500              1
Psco_538                                      1       -0.44400       -0.00000        0.00089        0.00500              1
Psco_546                                      1        5.16000       -0.00000        0.00075        0.00500              1
Psco_562                                      1        4.14800       -0.00000        0.00056        0.00500              1
Psco_682                                      1        1.54200        0.00000        0.00014        0.00500              1
Psco_839                                      1        5.43200       -0.00000        0.00136        0.00500              1
Psco_775                                      1        1.36300        0.00000        0.00056        0.00500              1
Psco_499                                      1        7.84200       -0.00000        0.00065        0.00500              1
Psco_539                                      1        5.56500       -0.00000        0.00034        0.00500              1
Psco_555                                      1        6.15200       -0.00000        0.00064        0.00500              1
Psco_840                                      1        6.12900        0.00000        0.00101        0.00500              1
Psco_784                                      1        2.20300        0.00000       -0.00003        0.00500              1
Psco_508                                      1        5.34400        0.00000        0.00077        0.00500              1
Psco_524                                      1        3.07300        0.00000        0.00023        0.00500              1
Psco_532                                      1        2.09400        0.00000        0.00030        0.00500              1
Psco_580                                      1        5.68800        0.00000        0.00042        0.00500              1
Psco_588                                      1        2.29300       -0.00000        0.00029        0.00500              1
Psco_700                                      1        5.66300       -0.00000        0.00030        0.00500              1
Psco_745                                      1        3.06300       -0.00000       -0.00013        0.00500              1
Psco_761                                      1        4.21100       -0.00000       -0.00028        0.00500              1
Psco_785                                      1        1.07200        0.00000       -0.00082        0.00500              1
Psco_509                                      1        5.26100        0.00000       -0.00009        0.00500              1
Psco_525                                      1       -1.40600        0.00000       -0.00026        0.00500              1
Psco_549                                      1       -3.40700       -0.00000        0.00015        0.00500              1
Psco_589                                      1        4.45100        0.00000        0.00014        0.00500              1
Psco_693                                      1       -6.17400       -0.00000        0.00105        0.00500              1
Psco_746                                      1        5.61700        0.00000        0.00003        0.00500              1
Psco_866                                      1        4.71400        0.00000        0.00019        0.00500              1
Psco_874                                      1        4.54900       -0.00000        0.00045        0.00500              1
Psco_882                                      1        4.67200        0.00000        0.00016        0.00500              1
Psco_890                                      1       -4.32800        0.00000        0.00123        0.00500              1
Psco_646                                      1       -4.01900       -0.00000       -0.00025        0.00500              1
Psco_678                                      1       -1.55300       -0.00000       -0.00032        0.00500              1
Psco_803                                      1        2.49600        0.00000        0.00068        0.00500              1
Psco_819                                      1       -0.28600       -0.00000        0.00067        0.00500              1
Psco_859                                      1        0.42400        0.00000        0.00173        0.00500              1
Psco_867                                      1        1.68800       -0.00000       -0.00014        0.00500              1
Psco_875                                      1        0.90600       -0.00000       -0.00018        0.00500              1
Psco_891                                      1        1.91400        0.00000        0.00164        0.00500              1
Psco_607                                      1        1.41700        0.00000        0.00004        0.00500              1
Psco_655                                      1        3.16400        0.00000        0.00041        0.00500              1
Psco_679                                      1        2.49400       -0.00000        0.00032        0.00500              1
Psco_687                                      1        4.20600        0.00000       -0.00023        0.00500              1
Psco_876                                      1        1.95100        0.00000        0.00055        0.00500              1
Psco_119                                      2       -4.41100       -0.00000        0.00106        0.00500              1
Psco_256                                      2       -0.09600       -0.00000        0.00105        0.00500              1
Psco_281                                      2        0.91800       -0.00000        0.00144        0.00500              1
Psco_385                                      2       -6.76400       -0.00000        0.00059        0.00500              1
Psco_416                                      2        0.86100        0.00000        0.00019        0.00500              1
Psco_424                                      2       -1.05000        0.00000        0.00152        0.00500              1
Psco_464                                      2       -2.20700       -0.00000        0.00077        0.00500              1
Psco_472                                      2        1.17500        0.00000        0.00122        0.00500              1
Psco_128                                      2       -3.61700       -0.00000       -0.00007        0.00500              1
Psco_417                                      2        1.16800       -0.00000       -0.00009        0.00500              1
Psco_425                                      2       -0.16300       -0.00000        0.00008        0.00500              1
Psco_441                                      2       -7.37900        0.00000        0.00046        0.00500              1
Psco_457                                      2       -1.52200        0.00000       -0.00008        0.00500              1
Psco_481                                      2        5.25600       -0.00000        0.00155        0.00500              1
Psco_121                                      2        7.37100       -0.00000        0.00138        0.00500              1
Psco_307                                      2        5.12300       -0.00000        0.00078        0.00500              1
Psco_482                                      2       -2.97500       -0.00000       -0.00007        0.00500              1
Psco_490                                      2        5.15600        0.00000        0.00103        0.00500              1
Psco_130                                      2        5.26700        0.00000        0.00072        0.00500              1
Psco_251                                      2        0.06400       -0.00000        0.00166        0.00500              1
Psco_276                                      2       -4.99600        0.00000        0.00146        0.00500              1
Psco_324                                      2       -1.07200        0.00000        0.00102        0.00500              1
Psco_372                                      2       -0.86900        0.00000        0.00149        0.00500              1
Psco_211                                      2       -2.13500       -0.00000       -0.00020        0.00500              1
Psco_219                                      2       -6.44600        0.00000       -0.00003        0.00500              1
Psco_243                                      2        5.36500       -0.00000        0.00033        0.00500              1
Psco_261                                      2       -9.63800        0.00000       -0.00046        0.00500              1
Psco_412                                      2        2.42200        0.00000        0.00019        0.00500              1
Psco_484                                      2        5.15200       -0.00000        0.00006        0.00500              1
Psco_164                                      2        3.90000       -0.00000        0.00052        0.00500              1
Psco_180                                      2       -2.15200        0.00000        0.00032        0.00500              1
Psco_326                                      2       -5.79900        0.00000        0.00100        0.00500              1
Psco_213                                      2        0.42800       -0.00000       -0.00012        0.00500              1
Psco_221                                      2       -2.09500        0.00000        0.00020        0.00500              1
Psco_229                                      2       -3.00300       -0.00000       -0.00029        0.00500              1
Psco_237                                      2       -0.84700        0.00000        0.00047        0.00500              1
Psco_343                                      2        3.38200       -0.00000        0.00084        0.00500              1
Psco_158                                      2       -3.52500        0.00000        0.00113        0.00500              1
Psco_182                                      2        0.34200        0.00000        0.00134        0.00500              1
Psco_190                                      2        3.97200        0.00000       -0.00001        0.00500              1
Psco_479                                      2        0.14400        0.00000        0.00105        0.00500              1
Psco_902                                      2        4.95300        0.00000        0.00076        0.00500              1
Psco_319                                      2       -1.54000        0.00000        0.00032        0.00500              1
Psco_504                                      2        1.01400       -0.00000       -0.00009        0.00500              1
Psco_544                                      2       -1.65500       -0.00000       -0.00058        0.00500              1
Psco_552                                      2        7.16400       -0.00000        0.00053        0.00500              1
Psco_560                                      2        5.20700       -0.00000        0.00138        0.00500              1
Psco_845                                      2        5.87800       -0.00000        0.00065        0.00500              1
Psco_853                                      2        1.38500       -0.00000       -0.00079        0.00500              1
Psco_877                                      2        2.38100       -0.00000        0.00029        0.00500              1
Psco_593                                      2        2.05800       -0.00000        0.00166        0.00500              1
Psco_689                                      2        1.86000        0.00000        0.00021        0.00500              1
Psco_697                                      2        3.74800       -0.00000        0.00043        0.00500              1
Psco_705                                      2        2.52400       -0.00000        0.00042        0.00500              1
Psco_713                                      2        5.11400        0.00000        0.00049        0.00500              1
Psco_846                                      2        4.56100       -0.00000        0.00047        0.00500              1
Psco_870                                      2       -2.58000        0.00000       -0.00023        0.00500              1
Psco_602                                      2        2.55600       -0.00000        0.00043        0.00500              1
Psco_626                                      2        4.56100       -0.00000        0.00149        0.00500              1
Psco_634                                      2       -0.16200        0.00000       -0.00112        0.00500              1
Psco_666                                      2        0.63600       -0.00000       -0.00068        0.00500              1
Psco_831                                      2        1.98200       -0.00000        0.00003        0.00500              1
Psco_751                                      2        3.93700        0.00000       -0.00066        0.00500              1
Psco_759                                      2       -0.08100        0.00000        0.00191        0.00500              1
Psco_879                                      2        2.38700        0.00000        0.00033        0.00500              1
Psco_595                                      2        5.60900        0.00000        0.00033        0.00500              1
Psco_619                                      2        2.78500       -0.00000        0.00017        0.00500              1
Psco_643                                      2       -4.55700        0.00000       -0.00065        0.00500              1
Psco_800                                      2        0.85500       -0.00000        0.00045        0.00500              1
Psco_808                                      2        2.32200       -0.00000        0.00052        0.00500              1
Psco_832                                      2       -1.10000       -0.00000        0.00088        0.00500              1
Psco_872                                      2        1.61400        0.00000        0.00154        0.00500              1
Psco_880                                      2       -2.07500       -0.00000        0.00066        0.00500              1
Psco_604                                      2        0.20900        0.00000       -0.00055        0.00500              1
Psco_644                                      2        1.80700        0.00000        0.00061        0.00500              1
Psco_684                                      2        4.23200       -0.00000        0.00001        0.00500              1
Psco_801                                      2        1.26400       -0.00000        0.00071        0.00500              1
Psco_833                                      2        1.05700        0.00000        0.00030        0.00500              1
Psco_841                                      2        3.09400       -0.00000        0.00053        0.00500              1
Psco_613                                      2       -0.65600       -0.00000        0.00010        0.00500              1
Psco_629                                      2       -2.94200        0.00000       -0.00018        0.00500              1
Psco_661                                      2       -3.61200       -0.00000       -0.00020        0.00500              1
Psco_677                                      2        0.86200        0.00000        0.00124        0.00500              1
Psco_685                                      2        4.84400       -0.00000        0.00100        0.00500              1
Psco_810                                      2        2.28100        0.00000        0.00086        0.00500              1
Psco_850                                      2        0.99000       -0.00000        0.00071        0.00500              1
Psco_786                                      2       -1.69700        0.00000       -0.00067        0.00500              1
Psco_518                                      2        4.85700       -0.00000        0.00089        0.00500              1
Psco_558                                      2        2.49200       -0.00000       -0.00036        0.00500              1
Psco_787                                      2        5.21700        0.00000        0.00018        0.00500              1
Psco_795                                      2        0.55700       -0.00000        0.00130        0.00500              1
Psco_503                                      2        2.95100        0.00000        0.00048        0.00500              1
Psco_519                                      2        2.79300       -0.00000        0.00067        0.00500              1
Psco_527                                      2        8.94900        0.00000        0.00067        0.00500              1
Psco_575                                      2        4.88000        0.00000        0.00080        0.00500              1
Psco_591                                      2        1.18800       -0.00000       -0.00037        0.00500              1
Psco_719                                      2       -0.50800        0.00000        0.00107        0.00500              1
Psco_748                                      2        0.07300       -0.00000        0.00080        0.00500              1
Psco_780                                      2        0.75900       -0.00000        0.00031        0.00500              1
Psco_788                                      2       -0.58500        0.00000        0.00106        0.00500              1
