        Iteration        AcceptPct        Objective        Penalties   FrontierDegree     SelCriterion  SelCriterionStd  MaxSelCriterPct       Coancestry   CoancestryRate MinCoancestryPct       Inbreeding   InbreedingRate MinInbreedingPct
                0              NaN          0.17930          0.00000         86.01930          1.28733          0.06802          6.13250          0.00295          0.00295         88.12530         -0.00217          0.01965              NaN
                1         50.00000          0.41652          0.00000         81.00269          1.63564          0.16243         14.24568          0.00257          0.00257         89.97106          0.00590          0.02755              NaN
              101          3.59712          0.97808          0.00000         70.05609          2.46021          0.38594         33.45224          0.00212          0.00212         92.18997         -0.01035          0.01166              NaN
              228          3.59712          1.00142          0.00000         70.01268          2.49449          0.39523         34.25048          0.00172          0.00172         94.16725         -0.00270          0.01914              NaN
              352          1.79856          1.00834          0.00000         70.02960          2.50465          0.39798         34.48725          0.00156          0.00156         94.90549         -0.00719          0.01475              NaN
              547          1.43885          1.01549          0.00000         70.01718          2.51516          0.40083         34.73194          0.00144          0.00144         95.51435         -0.00221          0.01961              NaN
              667          1.43885          1.01971          0.00000         70.02817          2.52135          0.40251         34.87612          0.00135          0.00135         95.96813         -0.00537          0.01653              NaN
              845          1.07914          1.02308          0.00000         70.00451          2.52629          0.40385         34.99131          0.00131          0.00131         96.16136         -0.00515          0.01674              NaN
              963          1.07914          1.02452          0.00000         70.01720          2.52841          0.40442         35.04057          0.00127          0.00127         96.36318         -0.00420          0.01767              NaN
             1000          1.07914          1.02501          0.00000         70.02078          2.52913          0.40462         35.05746          0.00125          0.00125         96.42837         -0.00192          0.01990              NaN
