        Iteration        AcceptPct        Objective        Penalties   FrontierDegree     SelCriterion  SelCriterionStd  MaxSelCriterPct       Coancestry   CoancestryRate MinCoancestryPct       Inbreeding   InbreedingRate MinInbreedingPct
                0              NaN          0.15277          0.00000         82.37180          1.35197          0.08554          7.63837          0.00929          0.00929         57.03274          0.00538          0.02705              NaN
                1         52.15827          0.35053          0.00000         77.14010          1.77649          0.20061         17.52646          0.00527          0.00527         76.77142         -0.00498          0.01691              NaN
              124          7.55396          1.01554          0.00000         60.02832          3.20400          0.58755         50.77710          0.00296          0.00296         88.04899          0.00781          0.02942              NaN
              241          5.39568          1.03317          0.00000         60.00947          3.24185          0.59781         51.65873          0.00267          0.00267         89.50971         -0.00783          0.01412              NaN
              362          2.87770          1.04352          0.00000         60.02892          3.26407          0.60383         52.17618          0.00247          0.00247         90.47721          0.01009          0.03165              NaN
              471          1.79856          1.04751          0.00000         60.04336          3.27263          0.60615         52.37556          0.00239          0.00239         90.87588          0.00627          0.02791              NaN
              573          2.87770          1.05049          0.00000         60.05199          3.27903          0.60788         52.52463          0.00233          0.00233         91.16626         -0.00110          0.02071              NaN
              687          2.87770          1.05248          0.00000         60.02304          3.28331          0.60904         52.62421          0.00231          0.00231         91.23250         -0.00657          0.01535              NaN
              700          0.00000          1.05248          0.00000         60.02304          3.28331          0.60904         52.62421          0.00231          0.00231         91.23250         -0.00657          0.01535              NaN
