        Iteration        AcceptPct        Objective        Penalties   FrontierDegree     SelCriterion  SelCriterionStd  MaxSelCriterPct       Coancestry   CoancestryRate MinCoancestryPct       Inbreeding   InbreedingRate MinInbreedingPct
                0              NaN          0.11883          0.00000         82.37180          1.35197          0.08554          7.63837          0.00929          0.00929         57.03274          0.00538          0.02705              NaN
                1         50.71942          0.38578          0.00000         72.48696          2.08864          0.28522         24.79715          0.00490          0.00490         78.58413         -0.00409          0.01778              NaN
              102         12.94964          1.01145          0.00000         50.00762          3.81527          0.75324         65.01498          0.00512          0.00512         77.50277         -0.00697          0.01496              NaN
              206          6.11511          1.05477          0.00000         50.10676          3.93479          0.78563         67.79916          0.00438          0.00438         81.10634          0.00501          0.02668              NaN
              318          4.67626          1.06691          0.00000         50.00242          3.96830          0.79472         68.57969          0.00425          0.00425         81.73711         -0.00788          0.01408              NaN
              422          3.23741          1.07317          0.00000         50.01654          3.98557          0.79940         68.98184          0.00415          0.00415         82.25757         -0.00381          0.01806              NaN
              543          3.95683          1.07986          0.00000         50.00314          4.00404          0.80441         69.41217          0.00405          0.00405         82.73141         -0.00394          0.01793              NaN
              672          0.71942          1.08419          0.00000         50.00933          4.01599          0.80764         69.69029          0.00398          0.00398         83.08112          0.00646          0.02810              NaN
              781          3.95683          1.08707          0.00000         50.05068          4.02395          0.80980         69.87582          0.00391          0.00391         83.42450         -0.00106          0.02074              NaN
              886          5.39568          1.09070          0.00000         50.02121          4.03395          0.81251         70.10863          0.00387          0.00387         83.61506          0.00046          0.02223              NaN
              986         11.51079          1.09687          0.00000         50.01334          4.05099          0.81713         70.50553          0.00378          0.00378         84.06495         -0.00170          0.02012              NaN
             1100         37.76979          1.09773          0.00000         50.00500          4.05335          0.81777         70.56074          0.00377          0.00377         84.10592         -0.01100          0.01102              NaN
